[00:00:55] Lijiang Tower
[00:00:55] 55.06,Matrix,D.Va,0,0,0,0,0,0,0,0,0,0,0,0,0,0,0,0,0,(70.80, 5.15, -31.63),Team 1,0,0,600
[00:00:56] 56.05,0,0
[00:00:56] 56.06,Matrix,D.Va,0,0,0,0,0,0,0,0,0,0,0,0,0,0,0,0,0,(65.90, 6.38, -31.86),Team 1,0,0,600
[00:00:57] 57.06,0,0
[00:00:57] 57.07,Matrix,D.Va,0,0,0,0,0,0,0,0,0,0,0,0,0,0,0,0,0,(55.09, 3.23, -35.78),Team 1,0,0,600
[00:00:58] 58.06,0,0
[00:00:58] 58.08,Matrix,D.Va,0,0,0,0,0,0,0,0,0,0,0,0,0,0,0,0,0,(44.85, -0.14, -36.69),Team 1,3.77,0,600
[00:00:59] 59.07,0,0
[00:00:59] 59.09,Matrix,D.Va,0,0,0,0,0,0,0,0,0,0,0,0,0,0,0,1,0,(40.88, -0.14, -37.04),Team 1,2.76,0,600
[00:01:00] 60.08,0,0
[00:01:00] 60.10,Matrix,D.Va,0,0,0,18,0,0,0,0,0,0,0,0,0,0,0,1,0,(40.88, -0.14, -37.04),Team 1,1.76,0,600
[00:01:01] 61.09,0,0
[00:01:01] 61.10,Matrix,D.Va,0,0,0,36,0,0,0,0,0,0,0,0,0,0,0,1,0,(40.88, -0.14, -37.04),Team 1,0.75,7.40,600
[00:01:02] 62.10,0,0
[00:01:02] 62.11,Matrix,D.Va,0,0,0,36,0,0,0,0,0,0,0,0,0,0,0,2,0,(40.88, -0.14, -37.04),Team 1,0,6.39,600
[00:01:03] 63.10,0,0
[00:01:03] 63.12,Matrix,D.Va,0,0,0,36,0,0,0,0,0,0,0,0,0,0,0,2,0,(40.88, -0.14, -37.04),Team 1,0,5.38,600
[00:01:04] 64.11,0,0
[00:01:04] 64.13,Matrix,D.Va,0,0,0,36,0,0,0,0,0,0,0,0,0,0,0,2,0,(40.88, -0.14, -37.04),Team 1,0,4.37,600
[00:01:05] 65.12,0,0
[00:01:05] 65.14,Matrix,D.Va,0,0,0,36,0,0,0,0,0,0,0,0,0,0,0,3,0,(40.88, -0.14, -37.04),Team 1,0,3.36,600
[00:01:06] 66.13,0,0
[00:01:06] 66.14,Matrix,D.Va,0,0,0,36,0,0,0,0,0,0,0,0,0,0,0,3,0,(40.88, -0.14, -37.04),Team 1,0,2.36,600
[00:01:07] 67.14,0,0
[00:01:07] 67.15,Matrix,D.Va,0,0,0,36,0,0,0,0,0,0,0,0,0,0,0,3,0,(40.88, -0.14, -37.04),Team 1,0,1.35,600
[00:01:08] 68.14,0,0
[00:01:08] 68.16,Matrix,D.Va,0,0,0,36,0,0,0,0,0,0,0,0,0,0,0,4,0,(40.88, -0.14, -37.04),Team 1,0,0.34,600
[00:01:09] 69.15,0,0
[00:01:09] 69.17,Matrix,D.Va,0,0,0,44,0,0,0,0,0,0,0,0,0,0,0,4,0,(40.88, -0.14, -37.04),Team 1,0,0,600
[00:01:10] 70.16,0,0
[00:01:10] 70.18,Matrix,D.Va,0,0,0,66,0,0,0,0,0,0,0,0,0,0,0,4,0,(40.88, -0.14, -37.04),Team 1,0,0,600
[00:01:11] 71.17,0,0
[00:01:11] 71.18,Matrix,D.Va,0,0,0,72,0,0,0,0,0,0,0,0,0,0,0,5,0,(40.88, -0.14, -37.04),Team 1,0,7.11,600
[00:01:12] 72.18,0,0
[00:01:12] 72.19,Matrix,D.Va,0,0,0,72,0,0,0,0,0,0,0,0,0,0,0,5,0,(40.88, -0.14, -37.04),Team 1,0,6.10,600
[00:01:13] 73.18,0,0
[00:01:13] 73.20,Matrix,D.Va,0,0,0,72,0,0,0,0,0,0,0,0,0,0,0,5,0,(40.88, -0.14, -37.04),Team 1,0,5.10,600
[00:01:14] 74.19,0,0
[00:01:14] 74.21,Matrix,D.Va,0,0,0,72,0,0,0,0,0,0,0,0,0,0,0,6,0,(40.88, -0.14, -37.04),Team 1,0,4.09,600
[00:01:15] 75.20,0,0
[00:01:15] 75.21,Matrix,D.Va,0,0,0,72,0,0,0,0,0,0,0,0,0,0,0,6,0,(40.88, -0.14, -37.04),Team 1,0,3.08,600
[00:01:16] 76.21,0,0
[00:01:16] 76.22,Matrix,D.Va,0,0,0,72,0,0,0,0,0,0,0,0,0,0,0,6,0,(40.88, -0.14, -37.04),Team 1,0,2.07,600
[00:01:17] 77.21,0,0
[00:01:17] 77.23,Matrix,D.Va,0,0,0,72,0,0,0,0,0,0,0,0,0,0,0,7,0,(40.88, -0.14, -37.04),Team 1,0,1.06,600
[00:01:18] 78.22,0,0
[00:01:18] 78.24,Matrix,D.Va,0,0,0,72,0,0,0,0,0,0,0,0,0,0,0,7,0,(40.88, -0.14, -37.04),Team 1,0,0.06,600
[00:01:19] 79.23,0,0
[00:01:19] 79.25,Matrix,D.Va,0,0,0,82,0,0,0,0,0,0,0,0,0,0,0,7,0,(40.88, -0.14, -37.04),Team 1,0,0,600
[00:01:20] 80.24,0,0
[00:01:20] 80.25,Matrix,D.Va,0,0,0,102,0,0,0,0,0,0,0,0,0,0,0,8,0,(40.88, -0.14, -37.04),Team 1,0,7.84,600
[00:01:21] 81.25,0,0
[00:01:21] 81.26,Matrix,D.Va,0,0,0,108,0,0,0,0,0,0,0,0,0,0,0,8,0,(40.88, -0.14, -37.04),Team 1,0,6.83,600
[00:01:22] 82.25,0,0
[00:01:22] 82.27,Matrix,D.Va,0,0,0,108,0,0,0,0,0,0,0,0,0,0,0,8,0,(40.88, -0.14, -37.04),Team 1,0,5.82,600
[00:01:23] 83.26,0,0
[00:01:23] 83.28,Matrix,D.Va,0,0,0,108,0,0,0,0,0,0,0,0,0,0,0,9,0,(40.88, -0.14, -37.04),Team 1,0,4.81,600
[00:01:24] 84.27,0,0
[00:01:24] 84.29,Matrix,D.Va,0,0,0,108,0,0,0,0,0,0,0,0,0,0,0,9,0,(40.88, -0.14, -37.04),Team 1,0,3.80,600
[00:01:25] 85.28,0,0
[00:01:25] 85.29,Matrix,D.Va,0,0,0,108,0,0,0,0,0,0,0,0,0,0,0,9,0,(40.88, -0.14, -37.04),Team 1,0,2.80,600
[00:01:26] 86.29,0,0
[00:01:26] 86.30,Matrix,D.Va,0,0,0,108,0,0,0,0,0,0,0,0,0,0,0,10,0,(40.88, -0.14, -37.04),Team 1,0,1.79,600
[00:01:27] 87.29,0,0
[00:01:27] 87.31,Matrix,D.Va,0,0,0,108,0,0,0,0,0,0,0,0,0,0,0,10,0,(40.88, -0.14, -37.04),Team 1,0,0.78,600
[00:01:28] 88.30,0,0
[00:01:28] 88.32,Matrix,D.Va,0,0,0,108,0,0,0,0,0,0,0,0,0,0,0,10,0,(40.88, -0.14, -37.04),Team 1,0,0,600
[00:01:29] 89.31,0,0
[00:01:29] 89.33,Matrix,D.Va,0,0,0,108,0,0,0,0,0,0,0,0,0,0,0,11,0,(40.88, -0.14, -37.04),Team 1,0,0,600
[00:01:30] 90.32,0,0
[00:01:30] 90.33,Matrix,D.Va,0,0,0,124,0,0,0,0,0,0,0,0,0,0,0,11,0,(40.81, -0.14, -37.04),Team 1,0,0,600
[00:01:31] 91.33,0,0
[00:01:31] 91.34,Matrix,D.Va,0,0,0,144,0,0,0,0,0,0,0,0,0,0,0,11,0,(40.81, -0.14, -37.04),Team 1,0,7.78,600
[00:01:32] 92.33,0,0
[00:01:32] 92.35,Matrix,D.Va,0,0,0,144,0,0,0,0,0,0,0,0,0,0,0,12,0,(40.81, -0.14, -37.04),Team 1,0,6.77,600
[00:01:33] 93.34,0,0
[00:01:33] 93.36,Matrix,D.Va,0,0,0,144,0,0,0,0,0,0,0,0,0,0,0,12,0,(40.81, -0.14, -37.04),Team 1,0,5.76,600
[00:01:34] 94.35,0,0
[00:01:34] 94.37,Matrix,D.Va,0,0,0,144,0,0,0,0,0,0,0,0,0,0,0,12,0,(40.81, -0.14, -37.04),Team 1,0,4.76,600
[00:01:35] 95.36,0,0
[00:01:35] 95.38,Matrix,D.Va,0,0,0,144,0,0,0,0,0,0,0,0,0,0,0,12,0,(40.81, -0.14, -37.04),Team 1,0,3.75,600
[00:01:36] 96.37,0,0
[00:01:36] 96.38,Matrix,D.Va,0,0,0,144,0,0,0,0,0,0,0,0,0,0,0,13,0,(40.81, -0.14, -37.04),Team 1,0,2.74,600
[00:01:37] 97.38,0,0
[00:01:37] 97.39,Matrix,D.Va,0,0,0,144,0,0,0,0,0,0,0,0,0,0,0,13,0,(40.81, -0.14, -37.04),Team 1,0,1.73,600
[00:01:38] 98.38,0,0
[00:01:38] 98.40,Matrix,D.Va,0,0,0,144,0,0,0,0,0,0,0,0,0,0,0,13,0,(40.81, -0.14, -37.04),Team 1,0,0.72,600
[00:01:39] 99.39,0,0
[00:01:39] 99.41,Matrix,D.Va,0,0,0,144,0,0,0,0,0,0,0,0,0,0,0,14,0,(40.81, -0.14, -37.04),Team 1,0,0,600
[00:01:40] 100.40,0,0
[00:01:40] 100.42,Matrix,D.Va,0,0,0,162,0,0,0,0,0,0,0,0,0,0,0,14,0,(40.81, -0.14, -37.04),Team 1,0,0,600
[00:01:41] 101.41,0,0
[00:01:41] 101.42,Matrix,D.Va,0,0,0,180,0,0,0,0,0,0,0,0,0,0,0,14,0,(40.81, -0.14, -37.04),Team 1,0,7.50,600
[00:01:42] 102.42,0,0
[00:01:42] 102.43,Matrix,D.Va,0,0,0,180,0,0,0,0,0,0,0,0,0,0,0,15,0,(40.81, -0.14, -37.04),Team 1,0,6.49,600
[00:01:43] 103.42,0,0
[00:01:43] 103.44,Matrix,D.Va,0,0,0,180,0,0,0,0,0,0,0,0,0,0,0,15,0,(40.81, -0.14, -37.04),Team 1,0,5.48,600
[00:01:44] 104.43,0,0
[00:01:44] 104.45,Matrix,D.Va,0,0,0,180,0,0,0,0,0,0,0,0,0,0,0,15,0,(40.81, -0.14, -37.04),Team 1,0,4.47,600
[00:01:45] 105.44,0,0
[00:01:45] 105.46,Matrix,D.Va,0,0,0,180,0,0,0,0,0,0,0,0,0,0,0,16,0,(40.81, -0.14, -37.04),Team 1,0,3.46,600
[00:01:46] 106.45,0,0
[00:01:46] 106.46,Matrix,D.Va,0,0,0,180,0,0,0,0,0,0,0,0,0,0,0,16,0,(40.81, -0.14, -37.04),Team 1,0,2.46,600
[00:01:47] 107.46,0,0
[00:01:47] 107.47,Matrix,D.Va,0,0,0,180,0,0,0,0,0,0,0,0,0,0,0,16,0,(40.81, -0.14, -37.04),Team 1,0,1.45,600
[00:01:48] 108.46,0,0
[00:01:48] 108.48,Matrix,D.Va,0,0,0,180,0,0,0,0,0,0,0,0,0,0,0,17,0,(40.81, -0.14, -37.04),Team 1,0,0.44,600
[00:01:49] 109.47,0,0
[00:01:49] 109.49,Matrix,D.Va,0,0,0,180,0,0,0,0,0,0,0,0,0,0,0,17,0,(40.81, -0.14, -37.04),Team 1,0,0,600
[00:01:50] 110.48,0,0
[00:01:50] 110.50,Matrix,D.Va,0,0,0,208,0,0,0,0,0,0,0,0,0,0,0,17,0,(40.81, -0.14, -37.04),Team 1,0,0,600
[00:01:51] 111.49,0,0
[00:01:51] 111.50,Matrix,D.Va,0,0,0,216,0,0,0,0,0,0,0,0,0,0,0,18,0,(40.81, -0.14, -37.04),Team 1,0,7.24,600
[00:01:52] 112.50,0,0
[00:01:52] 112.51,Matrix,D.Va,0,0,0,216,0,0,0,0,0,0,0,0,0,0,0,18,0,(40.81, -0.14, -37.04),Team 1,0,6.23,600
[00:01:53] 113.50,0,0
[00:01:53] 113.52,Matrix,D.Va,0,0,0,216,0,0,0,0,0,0,0,0,0,0,0,18,0,(40.81, -0.14, -37.04),Team 1,0,5.22,600
[00:01:54] 114.51,0,0
[00:01:54] 114.53,Matrix,D.Va,0,0,0,216,0,0,0,0,0,0,0,0,0,0,0,19,0,(40.81, -0.14, -37.04),Team 1,0,4.21,600
[00:01:55] 115.52,0,0
[00:01:55] 115.54,Matrix,D.Va,0,0,0,216,0,0,0,0,0,0,0,0,0,0,0,19,0,(40.81, -0.14, -37.04),Team 1,0,3.20,600
[00:01:56] 116.53,0,0
[00:01:56] 116.54,Matrix,D.Va,0,0,0,216,0,0,0,0,0,0,0,0,0,0,0,19,0,(40.81, -0.14, -37.04),Team 1,0,2.20,600
[00:01:57] 117.54,0,0
[00:01:57] 117.55,Matrix,D.Va,0,0,0,216,0,0,0,0,0,0,0,0,0,0,0,20,0,(40.81, -0.14, -37.04),Team 1,0,1.19,600
[00:01:58] 118.54,0,0
[00:01:58] 118.56,Matrix,D.Va,0,0,0,216,0,0,0,0,0,0,0,0,0,0,0,20,0,(40.81, -0.14, -37.04),Team 1,0,0.18,600
[00:01:59] 119.55,0,0
[00:01:59] 119.57,Matrix,D.Va,0,0,0,224,0,0,0,0,0,0,0,0,0,0,0,20,0,(40.81, -0.14, -37.04),Team 1,0,0,600
[00:02:00] 120.56,0,0
[00:02:00] 120.57,Matrix,D.Va,0,0,0,244,0,0,0,0,0,0,0,0,0,0,0,21,0,(40.81, -0.14, -37.04),Team 1,0,0,600
[00:02:01] 121.57,0,0
[00:02:01] 121.58,Matrix,D.Va,0,0,0,252,0,0,0,0,0,0,0,0,0,0,0,21,0,(40.81, -0.14, -37.04),Team 1,0,7.01,600
[00:02:02] 122.57,0,0
[00:02:02] 122.59,Matrix,D.Va,0,0,0,252,0,0,0,0,0,0,0,0,0,0,0,21,0,(40.81, -0.14, -37.04),Team 1,0,6.00,600
[00:02:03] 123.58,0,0
[00:02:03] 123.60,Matrix,D.Va,0,0,0,252,0,0,0,0,0,0,0,0,0,0,0,22,0,(40.81, -0.14, -37.04),Team 1,0,5.00,600
[00:02:04] 124.59,0,0
[00:02:04] 124.61,Matrix,D.Va,0,0,0,252,0,0,0,0,0,0,0,0,0,0,0,22,0,(40.81, -0.14, -37.04),Team 1,0,3.99,600
[00:02:05] 125.60,0,0
[00:02:05] 125.61,Matrix,D.Va,0,0,0,252,0,0,0,0,0,0,0,0,0,0,0,22,0,(40.81, -0.14, -37.04),Team 1,0,2.98,600
[00:02:06] 126.61,0,0
[00:02:06] 126.62,Matrix,D.Va,0,0,0,252,0,0,0,0,0,0,0,0,0,0,0,23,0,(40.81, -0.14, -37.04),Team 1,0,1.97,600
[00:02:07] 127.61,0,0
[00:02:07] 127.63,Matrix,D.Va,0,0,0,252,0,0,0,0,0,0,0,0,0,0,0,23,0,(40.81, -0.14, -37.04),Team 1,0,0.96,600
[00:02:08] 128.62,0,0
[00:02:08] 128.64,Matrix,D.Va,0,0,0,252,0,0,0,0,0,0,0,0,0,0,0,23,0,(40.81, -0.14, -37.04),Team 1,0,0,600
[00:02:09] 129.63,0,0
[00:02:09] 129.65,Matrix,D.Va,0,0,0,262,0,0,0,0,0,0,0,0,0,0,0,24,0,(40.81, -0.14, -37.04),Team 1,0,0,600
[00:02:10] 130.64,0,0
[00:02:10] 130.65,Matrix,D.Va,0,0,0,282,0,0,0,0,0,0,0,0,0,0,0,24,0,(40.81, -0.14, -37.04),Team 1,0,7.75,600
[00:02:11] 131.65,0,0
[00:02:11] 131.66,Matrix,D.Va,0,0,0,288,0,0,0,0,0,0,0,0,0,0,0,24,0,(40.81, -0.14, -37.04),Team 1,0,6.74,600
[00:02:12] 132.65,0,0
[00:02:12] 132.67,Matrix,D.Va,0,0,0,288,0,0,0,0,0,0,0,0,0,0,0,25,0,(40.81, -0.14, -37.04),Team 1,0,5.73,600
[00:02:13] 133.66,0,0
[00:02:13] 133.68,Matrix,D.Va,0,0,0,288,0,0,0,0,0,0,0,0,0,0,0,25,0,(40.81, -0.14, -37.04),Team 1,0,4.72,600
[00:02:14] 134.67,0,0
[00:02:14] 134.69,Matrix,D.Va,0,0,0,288,0,0,0,0,0,0,0,0,0,0,0,25,0,(40.81, -0.14, -37.04),Team 1,0,3.72,600
[00:02:15] 135.68,0,0
[00:02:15] 135.70,Matrix,D.Va,0,0,0,288,0,0,0,0,0,0,0,0,0,0,0,25,0,(40.81, -0.14, -37.04),Team 1,0,2.71,600
[00:02:16] 136.69,0,0
[00:02:16] 136.70,Matrix,D.Va,0,0,0,288,0,0,0,0,0,0,0,0,0,0,0,26,0,(40.81, -0.14, -37.04),Team 1,0,1.70,600
[00:02:17] 137.70,0,0
[00:02:17] 137.71,Matrix,D.Va,0,0,0,288,0,0,0,0,0,0,0,0,0,0,0,26,0,(40.81, -0.14, -37.04),Team 1,0,0.69,600
[00:02:18] 138.70,0,0
[00:02:18] 138.72,Matrix,D.Va,0,0,0,288,0,0,0,0,0,0,0,0,0,0,0,26,0,(40.81, -0.14, -37.04),Team 1,0,0,600
[00:02:19] 139.71,0,0
[00:02:19] 139.73,Matrix,D.Va,0,0,0,316,0,0,0,0,0,0,0,0,0,0,0,27,0,(40.81, -0.14, -37.04),Team 1,0,0,600
[00:02:20] 140.72,0,0
[00:02:20] 140.74,Matrix,D.Va,0,0,0,348,0,0,0,0,0,0,0,0,0,0,0,27,0,(40.81, -0.14, -37.04),Team 1,0,7.59,600
[00:02:21] 141.73,0,0
[00:02:21] 141.74,Matrix,D.Va,0,0,0,348,0,0,0,0,0,0,0,0,0,0,0,27,0,(40.81, -0.14, -37.04),Team 1,0,6.58,600
[00:02:22] 142.74,0,0
[00:02:22] 142.75,Matrix,D.Va,0,0,0,348,0,0,0,0,0,0,0,0,0,0,0,28,0,(40.78, -0.14, -37.04),Team 1,0,5.57,600
[00:02:23] 143.74,0,0
[00:02:23] 143.76,Matrix,D.Va,0,0,0,348,0,0,0,0,0,0,0,0,0,0,0,28,0,(40.78, -0.14, -37.04),Team 1,0,4.56,600
[00:02:24] 144.75,0,0
[00:02:24] 144.77,Matrix,D.Va,0,0,0,348,0,0,0,0,0,0,0,0,0,0,0,28,0,(40.78, -0.14, -37.04),Team 1,0,3.56,600
[00:02:25] 145.76,0,0
[00:02:25] 145.77,Matrix,D.Va,0,0,0,348,0,0,0,0,0,0,0,0,0,0,0,29,0,(40.78, -0.14, -37.04),Team 1,0,2.55,600
[00:02:26] 146.77,0,0
[00:02:26] 146.78,Matrix,D.Va,0,0,0,348,0,0,0,0,0,0,0,0,0,0,0,29,0,(40.78, -0.14, -37.04),Team 1,0,1.54,600
[00:02:27] 147.77,0,0
[00:02:27] 147.79,Matrix,D.Va,0,0,0,348,0,0,0,0,0,0,0,0,0,0,0,29,0,(40.78, -0.14, -37.04),Team 1,0,0.53,600
[00:02:28] 148.78,0,0
[00:02:28] 148.80,Matrix,D.Va,0,0,0,348,0,0,0,0,0,0,0,0,0,0,0,30,0,(40.78, -0.14, -37.04),Team 1,0,0,600
[00:02:29] 149.79,0,0
[00:02:29] 149.81,Matrix,D.Va,0,0,0,388,0,0,0,0,0,0,0,0,0,0,0,30,0,(40.78, -0.14, -37.04),Team 1,0,0,600
[00:02:30] 150.80,0,0
[00:02:30] 150.82,Matrix,D.Va,0,0,0,420,0,0,0,0,0,0,0,0,0,0,0,30,0,(40.78, -0.14, -37.04),Team 1,0,7.32,600
[00:02:31] 151.81,0,0
[00:02:31] 151.82,Matrix,D.Va,0,0,0,420,0,0,0,0,0,0,0,0,0,0,0,31,0,(40.78, -0.14, -37.04),Team 1,0,6.31,600
[00:02:32] 152.82,0,0
[00:02:32] 152.83,Matrix,D.Va,0,0,0,420,0,0,0,0,0,0,0,0,0,0,0,31,0,(40.78, -0.14, -37.04),Team 1,0,5.30,600
[00:02:33] 153.82,0,0
[00:02:33] 153.84,Matrix,D.Va,0,0,0,420,0,0,0,0,0,0,0,0,0,0,0,31,0,(40.78, -0.14, -37.04),Team 1,0,4.29,600
[00:02:34] 154.83,0,0
[00:02:34] 154.85,Matrix,D.Va,0,0,0,420,0,0,0,0,0,0,0,0,0,0,0,32,0,(40.78, -0.14, -37.04),Team 1,0,3.28,600
[00:02:35] 155.84,0,0
[00:02:35] 155.85,Matrix,D.Va,0,0,0,420,0,0,0,0,0,0,0,0,0,0,0,32,0,(40.78, -0.14, -37.04),Team 1,0,2.28,600
[00:02:36] 156.85,0,0
[00:02:36] 156.86,Matrix,D.Va,0,0,0,420,0,0,0,0,0,0,0,0,0,0,0,32,0,(40.78, -0.14, -37.04),Team 1,0,1.27,600
[00:02:37] 157.85,0,0
[00:02:37] 157.87,Matrix,D.Va,0,0,0,420,0,0,0,0,0,0,0,0,0,0,0,33,0,(40.78, -0.14, -37.04),Team 1,0,0.26,600
[00:02:38] 158.86,0,0
[00:02:38] 158.88,Matrix,D.Va,0,0,0,420,0,0,0,0,0,0,0,0,0,0,0,33,0,(40.78, -0.14, -37.04),Team 1,0,0,600
[00:02:39] 159.87,0,0
[00:02:39] 159.89,Matrix,D.Va,0,0,0,484,0,0,0,0,0,0,0,0,0,0,0,33,0,(40.78, -0.14, -37.04),Team 1,0,0,600
[00:02:40] 160.88,0,0
[00:02:40] 160.90,Matrix,D.Va,0,0,0,492,0,0,0,0,0,0,0,0,0,0,0,34,0,(40.78, -0.14, -37.04),Team 1,0,7.09,600
[00:02:41] 161.89,0,0
[00:02:41] 161.90,Matrix,D.Va,0,0,0,492,0,0,0,0,0,0,0,0,0,0,0,34,0,(40.78, -0.14, -37.04),Team 1,0,6.08,600
[00:02:42] 162.90,0,0
[00:02:42] 162.91,Matrix,D.Va,0,0,0,492,0,0,0,0,0,0,0,0,0,0,0,34,0,(40.78, -0.14, -37.04),Team 1,0,5.08,600
[00:02:43] 163.90,0,0
[00:02:43] 163.92,Matrix,D.Va,0,0,0,492,0,0,0,0,0,0,0,0,0,0,0,35,0,(40.78, -0.14, -37.04),Team 1,0,4.07,600
[00:02:44] 164.91,0,0
[00:02:44] 164.93,Matrix,D.Va,0,0,0,492,0,0,0,0,0,0,0,0,0,0,0,35,0,(40.78, -0.14, -37.04),Team 1,0,3.06,600
[00:02:45] 165.92,0,0
[00:02:45] 165.93,Matrix,D.Va,0,0,0,492,0,0,0,0,0,0,0,0,0,0,0,35,0,(40.78, -0.14, -37.04),Team 1,0,2.05,600
[00:02:46] 166.93,0,0
[00:02:46] 166.94,Matrix,D.Va,0,0,0,492,0,0,0,0,0,0,0,0,0,0,0,36,0,(40.78, -0.14, -37.04),Team 1,0,1.04,600
[00:02:47] 167.93,0,0
[00:02:47] 167.95,Matrix,D.Va,0,0,0,492,0,0,0,0,0,0,0,0,0,0,0,36,0,(40.78, -0.14, -37.04),Team 1,0,0.04,600
[00:02:48] 168.94,0,0
[00:02:48] 168.96,Matrix,D.Va,0,0,0,512,0,0,0,0,0,0,0,0,0,0,0,36,0,(40.78, -0.14, -37.04),Team 1,0,0,600
[00:02:49] 169.95,0,0
[00:02:49] 169.97,Matrix,D.Va,0,0,0,556,0,0,0,0,0,0,0,0,0,0,0,37,0,(40.78, -0.14, -37.04),Team 1,0,7.86,600
[00:02:50] 170.96,0,0
[00:02:50] 170.98,Matrix,D.Va,0,0,0,564,0,0,0,0,0,0,0,0,0,0,0,37,0,(40.78, -0.14, -37.04),Team 1,0,6.85,600
[00:02:51] 171.97,0,0
[00:02:51] 171.98,Matrix,D.Va,0,0,0,564,0,0,0,0,0,0,0,0,0,0,0,37,0,(40.78, -0.14, -37.04),Team 1,0,5.84,600
[00:02:52] 172.98,0,0
[00:02:52] 172.99,Matrix,D.Va,0,0,0,564,0,0,0,0,0,0,0,0,0,0,0,37,0,(40.78, -0.14, -37.04),Team 1,0,4.84,600
[00:02:53] 173.98,0,0
[00:02:54] 174.00,Matrix,D.Va,0,0,0,564,0,0,0,0,0,0,0,0,0,0,0,38,0,(40.78, -0.14, -37.04),Team 1,0,3.83,600
[00:02:54] 174.99,0,0
[00:02:55] 175.01,Matrix,D.Va,0,0,0,564,0,0,0,0,0,0,0,0,0,0,0,38,0,(40.78, -0.14, -37.04),Team 1,0,2.82,600
[00:02:56] 176.00,0,0
[00:02:56] 176.01,Matrix,D.Va,0,0,0,564,0,0,0,0,0,0,0,0,0,0,0,38,0,(40.78, -0.14, -37.04),Team 1,0,1.81,600
[00:02:57] 177.01,0,0
[00:02:57] 177.02,Matrix,D.Va,0,0,0,564,0,0,0,0,0,0,0,0,0,0,0,39,0,(40.78, -0.14, -37.04),Team 1,0,0.80,600
[00:02:58] 178.01,0,0
[00:02:58] 178.03,Matrix,D.Va,0,0,0,564,0,0,0,0,0,0,0,0,0,0,0,39,0,(40.78, -0.14, -37.04),Team 1,0,0,600
[00:02:59] 179.02,0,0
[00:02:59] 179.04,Matrix,D.Va,0,0,0,584,0,0,0,0,0,0,0,0,0,0,0,40,0,(40.78, -0.14, -37.04),Team 1,0,7.95,600
[00:03:00] 180.03,0,0
[00:03:00] 180.05,Matrix,D.Va,0,0,0,599.98,0,0,0,0,0,0,0,0,0,0,0,0,0,(40.81, 0.18, -36.76),Team 1,0,0,150
[00:03:01] 181.04,0,0
[00:03:01] 181.05,Matrix,D.Va,0,0,0,599.98,0,0,0,0,0,0,0,0,0,0,0,1,0,(43.93, -0.00, -33.37),Team 1,0,0,150
[00:03:02] 182.05,0,0
[00:03:02] 182.06,Matrix,D.Va,0,0,0,599.98,0,0,0,0,0,0,0,0,0,0,0,3,0,(48.05, 0.65, -35.30),Team 1,0,0,150
[00:03:03] 183.05,0,0
[00:03:03] 183.07,Matrix,D.Va,0,0,0,599.98,0,0,0,0,0,0,0,0,0,0,0,4,0,(52.78, 1.86, -36.74),Team 1,0,0,150
[00:03:04] 184.06,0,0
[00:03:04] 184.08,Matrix,D.Va,0,0,0,599.98,0,0,0,0,0,0,0,0,0,0,0,6,0,(57.69, 1.86, -38.64),Team 1,0,0,150
[00:03:05] 185.07,0,0
[00:03:05] 185.09,Matrix,D.Va,0,0,0,599.98,0,0,0,0,0,0,0,0,0,0,0,7,0,(61.98, 2.00, -42.08),Team 1,0,0,150
[00:03:06] 186.08,0,0
[00:03:06] 186.10,Matrix,D.Va,0,0,0,599.98,0,0,0,0,0,0,0,0,0,0,0,9,0,(60.59, 2.00, -45.66),Team 1,0,0,150
[00:03:07] 187.09,0,0
[00:03:07] 187.10,Matrix,D.Va,0,0,0,599.98,0,0,0,0,0,0,0,0,0,0,0,10,0,(59.71, 2.00, -46.29),Team 1,0,0,150
[00:03:08] 188.10,0,0
[00:03:08] 188.11,Matrix,D.Va,0,0,0,599.98,0,0,0,0,0,0,0,0,0,0,0,12,0,(57.05, 2.01, -47.23),Team 1,0,0,150
[00:03:09] 189.10,0,0
[00:03:09] 189.12,Matrix,D.Va,0,0,0,599.98,0,0,0,0,0,0,0,0,0,0,0,14,0,(53.52, 2.07, -47.77),Team 1,0,0,150
[00:03:10] 190.11,0,0
[00:03:10] 190.13,Matrix,D.Va,0,0,0,599.98,0,0,0,0,0,0,0,0,0,0,0,15,0,(54.16, 2.00, -47.73),Team 1,0,0,150
[00:03:11] 191.12,0,0
[00:03:11] 191.13,Matrix,D.Va,0,0,0,599.98,0,0,0,0,0,0,0,0,0,0,0,17,0,(53.40, 2.07, -47.89),Team 1,0,0,150
[00:03:12] 192.13,0,0
[00:03:12] 192.14,Matrix,D.Va,0,0,0,599.98,0,0,0,0,0,0,0,0,0,0,0,18,0,(50.23, 2.51, -47.67),Team 1,0,0,150
[00:03:13] 193.13,0,0
[00:03:13] 193.15,Matrix,D.Va,0,0,0,599.98,0,0,0,0,0,0,0,0,0,0,0,20,0,(46.60, 4.97, -49.15),Team 1,0,0,150
[00:03:14] 194.14,0,0
[00:03:14] 194.16,Matrix,D.Va,0,0,0,599.98,0,0,0,0,0,0,0,0,0,0,0,21,0,(48.55, -3.49, -50.99),Team 1,0,0,150
[00:03:14] 194.70,Matrix,Death
[00:03:15] 195.15,0,0
[00:03:15] 195.17,Matrix,D.Va,0,0,0,749.98,1,0,0,1,0,0,0,0,0,0,0,45,0,(49.40, -15.51, -48.75),Team 1,0,0,150
[00:03:16] 196.16,0,0
[00:03:16] 196.18,Matrix,D.Va,0,0,0,749.98,1,0,0,1,0,0,0,0,0,0,0,45,0,(49.40, -27.65, -48.75),Team 1,0,0,150
[00:03:17] 197.17,0,0
[00:03:17] 197.18,Matrix,D.Va,0,0,0,749.98,1,0,0,1,0,0,0,0,0,0,0,46,0,(49.40, -27.65, -48.75),Team 1,0,0,150
[00:03:18] 198.18,0,0
[00:03:18] 198.19,Matrix,D.Va,0,0,0,749.98,1,0,0,1,0,0,0,0,0,0,0,46,0,(49.40, -27.65, -48.75),Team 1,0,0,150
[00:03:19] 199.18,0,0
[00:03:19] 199.20,Matrix,D.Va,0,0,0,749.98,1,0,0,1,0,0,0,0,0,0,0,46,0,(49.40, -27.65, -48.75),Team 1,0,0,150
[00:03:20] 200.19,0,0
[00:03:20] 200.21,Matrix,D.Va,0,0,0,749.98,1,0,0,1,0,0,0,0,0,0,0,47,0,(49.40, -27.65, -48.75),Team 1,0,0,150
[00:03:21] 201.20,0,0
[00:03:21] 201.21,Matrix,D.Va,0,0,0,749.98,1,0,0,1,0,0,0,0,0,0,0,47,0,(49.40, -27.65, -48.75),Team 1,0,0,150
[00:03:22] 202.21,0,0
[00:03:22] 202.22,Matrix,D.Va,0,0,0,749.98,1,0,0,1,0,0,0,0,0,0,0,47,0,(49.40, -27.65, -48.75),Team 1,0,0,150
[00:03:23] 203.21,0,0
[00:03:23] 203.23,Matrix,D.Va,0,0,0,749.98,1,0,0,1,0,0,0,0,0,0,0,48,0,(49.40, -27.65, -48.75),Team 1,0,0,150
[00:03:24] 204.22,0,0
[00:03:24] 204.24,Matrix,D.Va,0,0,0,749.98,1,0,0,1,0,0,0,0,0,0,0,48,0,(49.40, -27.65, -48.75),Team 1,0,0,150
[00:03:25] 205.23,0,0
[00:03:25] 205.25,Matrix,D.Va,0,0,0,749.98,1,0,0,1,0,0,0,0,0,0,0,48,0,(83.24, 4.46, -30.86),Team 1,0,0,600
[00:03:26] 206.24,0,0
[00:03:26] 206.26,Matrix,D.Va,0,0,0,749.98,1,0,0,1,0,0,0,0,0,0,0,48,0,(78.73, 4.46, -31.83),Team 1,0,0,600
[00:03:27] 207.25,0,0
[00:03:27] 207.26,Matrix,D.Va,0,0,0,749.98,1,0,0,1,0,0,0,0,0,0,0,49,0,(76.21, 4.46, -34.41),Team 1,0,0,600
[00:03:28] 208.26,0,0
[00:03:28] 208.27,Matrix,D.Va,0,0,0,749.98,1,0,0,1,0,0,0,0,0,0,0,49,0,(75.57, 4.46, -36.00),Team 1,0,0,600
[00:03:29] 209.26,0,0
[00:03:29] 209.28,Matrix,D.Va,0,0,0,749.98,1,0,0,1,0,0,0,0,0,0,0,49,0,(75.57, 4.46, -36.00),Team 1,0,0,600
[00:03:30] 210.27,0,0
[00:03:30] 210.29,Matrix,D.Va,0,0,0,749.98,1,0,0,1,0,0,0,0,0,0,0,50,0,(75.57, 4.46, -36.00),Team 1,0,0,600
[00:03:31] 211.28,0,0
[00:03:31] 211.29,Matrix,D.Va,0,0,0,749.98,1,0,0,1,0,0,0,0,0,0,0,50,0,(75.57, 4.46, -36.00),Team 1,0,0,600
[00:03:32] 212.29,0,0
[00:03:32] 212.30,Matrix,D.Va,0,0,0,749.98,1,0,0,1,0,0,0,0,0,0,0,50,0,(75.57, 4.46, -36.00),Team 1,0,0,600
