[00:00:36] Lijiang Tower
[00:00:36] 36.81,Pixels,D.Va,0,0,0,0,0,0,0,0,0,0,0,0,0,0,0,0,Matrix,(72.49, 96.58, 145.82),Team 1,0,0
[00:00:36] 36.81,Matrix,Wrecking Ball,0,0,0,0,0,0,0,0,0,0,0,0,0,0,0,0,Pixels,(-82.46, 96.56, 145.55),Team 2,0,0
[00:00:37] 37.81,0,0
[00:00:37] 37.82,Pixels,D.Va,0,0,0,0,0,0,0,0,0,0,0,0,0,0,0,0,Matrix,(71.22, 96.89, 145.69),Team 1,0,0
[00:00:37] 37.82,Matrix,Wrecking Ball,0,0,0,0,0,0,0,0,0,0,0,0,0,0,0,0,Pixels,(-66.42, 99.40, 146.45),Team 2,0,0
[00:00:38] 38.81,0,0
[00:00:38] 38.83,Pixels,D.Va,0,0,0,0,0,0,0,0,0,0,0,0,0,0,0,0,Matrix,(65.92, 93.96, 145.67),Team 1,0,0
[00:00:38] 38.83,Matrix,Wrecking Ball,0,0,0,0,0,0,0,0,0,0,0,0,0,0,0,0,Pixels,(-48.26, 97.03, 148.59),Team 2,0,0
[00:00:39] 39.82,0,0
[00:00:39] 39.84,Pixels,D.Va,0,0,0,0,0,0,0,0,0,0,0,0,0,0,0,0,Matrix,(60.39, 94.00, 145.91),Team 1,0,0
[00:00:39] 39.84,Matrix,Wrecking Ball,0,0,0,0,0,0,0,0,0,0,0,0,0,0,0,0,Pixels,(-30.64, 94.26, 147.82),Team 2,0,0
[00:00:40] 40.83,0,0
[00:00:40] 40.85,Pixels,D.Va,0,0,0,0,0,0,0,0,0,0,0,0,0,0,0,1,Matrix,(50.22, 94.50, 147.69),Team 1,0,0
[00:00:40] 40.85,Matrix,Wrecking Ball,0,0,0,0,0,0,0,0,0,0,0,0,0,0,0,1,Pixels,(-20.79, 96.00, 134.84),Team 2,0,0
[00:00:41] 41.84,0,0
[00:00:41] 41.85,Pixels,D.Va,0,0,0,0,0,0,0,0,0,0,0,0,0,0,0,1,Matrix,(38.34, 95.87, 149.52),Team 1,0,0
[00:00:41] 41.85,Matrix,Wrecking Ball,0,0,0,0,0,0,0,0,0,0,0,0,0,0,0,1,Pixels,(-8.79, 95.34, 129.05),Team 2,0,0
[00:00:42] 42.85,0,0
[00:00:42] 42.86,Pixels,D.Va,0,0,0,0,0,0,0,0,0,0,0,0,0,0,0,1,Matrix,(30.81, 94.98, 145.88),Team 1,3.52,0
[00:00:42] 42.86,Matrix,Wrecking Ball,0,0,0,0,0,0,0,0,0,0,0,0,0,0,0,1,Pixels,(2.67, 95.00, 126.82),Team 2,0,0
[00:00:43] 43.85,0,0
[00:00:43] 43.87,Pixels,D.Va,0,0,0,0,0,0,0,0,0,0,0,0,0,0,0,2,Matrix,(26.41, 94.47, 142.41),Team 1,2.51,0
[00:00:43] 43.87,Matrix,Wrecking Ball,0,0,0,0,0,0,0,0,0,0,0,0,0,0,0,2,Pixels,(18.01, 95.27, 130.20),Team 2,0,0
[00:00:44] 44.86,0,0
[00:00:44] 44.88,Pixels,D.Va,0,0,0,45,0,0,0,0,0,0,0,0,0,0,0,2,Matrix,(29.98, 94.99, 149.07),Team 1,1.50,0
[00:00:44] 44.88,Matrix,Wrecking Ball,45,0,0,0,0,0,0,0,0,0,0,0,0,0,0,5,Pixels,(23.95, 95.10, 138.90),Team 2,0.40,0
[00:00:45] 45.87,0,0
[00:00:45] 45.89,Pixels,D.Va,0,0,0,122.50,0,0,0,0,0,0,0,0,0,0,0,2,Matrix,(31.56, 94.00, 151.66),Team 1,0.49,0
[00:00:45] 45.89,Matrix,Wrecking Ball,122.50,0,0,0,0,0,0,0,0,0,0,0,0,0,0,12,Pixels,(26.30, 95.07, 142.83),Team 2,0,0
[00:00:46] 46.88,0,0
[00:00:46] 46.90,Pixels,D.Va,0,0,0,192.50,0,0,0,0,0,0,0,0,0,0,0,3,Matrix,(31.56, 94.00, 151.66),Team 1,0,0
[00:00:46] 46.90,Matrix,Wrecking Ball,195,0,0,0,0,0,0,0,0,0,0,0,0,0,0,17,Pixels,(29.12, 94.80, 147.58),Team 2,0,0
[00:00:47] 47.89,0,0
[00:00:47] 47.90,Pixels,D.Va,0,0,0,287.50,0,0,0,0,0,0,0,0,0,0,0,3,Matrix,(31.56, 94.00, 151.66),Team 1,0,0
[00:00:47] 47.90,Matrix,Wrecking Ball,290,0,0,0,0,0,0,0,0,0,0,0,0,0,0,24,Pixels,(28.09, 94.08, 145.84),Team 2,0,0
[00:00:48] 48.90,0,0
[00:00:48] 48.91,Pixels,D.Va,0,0,0,365,0,0,0,0,0,0,0,0,0,0,0,3,Matrix,(31.56, 94.00, 151.66),Team 1,0,0
[00:00:48] 48.91,Matrix,Wrecking Ball,365,0,0,0,0,0,0,0,0,0,0,0,0,0,0,27,Pixels,(25.15, 94.00, 142.01),Team 2,0,0
[00:00:49] 49.90,0,0
[00:00:49] 49.92,Pixels,D.Va,0,0,0,365,0,0,0,0,0,0,0,0,0,0,0,4,Matrix,(31.56, 94.00, 151.66),Team 1,0,0
[00:00:49] 49.92,Matrix,Wrecking Ball,365,0,0,0,0,0,0,0,0,0,0,0,0,0,0,27,Pixels,(27.57, 94.00, 141.14),Team 2,0,0
[00:00:50] 50.91,0,0
[00:00:50] 50.93,Pixels,D.Va,0,0,0,485,0,0,0,0,0,0,0,0,0,0,0,4,Matrix,(31.56, 94.00, 151.66),Team 1,0,0
[00:00:50] 50.93,Matrix,Wrecking Ball,485,0,0,0,0,0,0,0,0,0,0,0,0,0,0,36,Pixels,(29.51, 94.00, 146.32),Team 2,0,0
[00:00:51] 51.92,0,0
[00:00:51] 51.94,Pixels,D.Va,0,0,0,599.98,0,0,0,0,0,0,0,0,0,0,0,4,Matrix,(31.56, 94.00, 151.66),Team 1,0,0
[00:00:51] 51.94,Matrix,Wrecking Ball,599.98,0,0,0,0,0,0,0,0,0,0,0,0,0,0,43,Pixels,(29.99, 94.00, 147.56),Team 2,0.29,0
[00:00:52] 52.93,0,0
[00:00:52] 52.94,Pixels,D.Va,0,0,0,599.98,0,0,0,0,0,0,0,0,0,0,0,0,Matrix,(33.41, 95.21, 154.44),Team 1,0,0
[00:00:52] 52.94,Matrix,Wrecking Ball,599.98,0,0,0,0,0,0,0,0,0,0,0,0,0,0,44,Pixels,(23.87, 94.00, 143.05),Team 2,0,0
[00:00:53] 53.94,0,0
[00:00:53] 53.95,Pixels,D.Va,0,0,0,599.98,0,0,0,0,0,0,0,0,0,0,0,1,Matrix,(34.13, 94.00, 155.54),Team 1,0,0
[00:00:53] 53.95,Matrix,Wrecking Ball,599.98,0,0,0,0,0,0,0,0,0,0,0,0,0,0,44,Pixels,(27.64, 94.00, 145.57),Team 2,0,0
[00:00:54] 54.94,0,0
[00:00:54] 54.96,Pixels,D.Va,36,0,0,599.98,0,0,0,0,0,0,0,0,0,0,0,20,Matrix,(34.13, 94.00, 155.54),Team 1,0,0
[00:00:54] 54.96,Matrix,Wrecking Ball,599.98,0,0,36,0,0,0,0,0,0,0,0,0,0,0,44,Pixels,(31.57, 94.00, 151.98),Team 2,0,0
[00:00:55] 55.95,0,0
[00:00:55] 55.97,Pixels,D.Va,99,0,0,599.98,0,0,0,0,0,0,0,0,0,0,0,42,Matrix,(34.13, 94.00, 155.54),Team 1,0,0
[00:00:55] 55.97,Matrix,Wrecking Ball,599.98,0,0,99,0,0,0,0,0,0,0,0,0,0,0,45,Pixels,(31.08, 94.00, 151.22),Team 2,0,0
[00:00:56] 56.96,0,0
[00:00:56] 56.97,Pixels,D.Va,150,0,0,599.98,0,0,0,0,0,0,0,0,0,0,0,53,Matrix,(34.13, 94.00, 155.54),Team 1,0,0
[00:00:56] 56.97,Matrix,Wrecking Ball,599.98,0,0,150,0,0,0,0,0,0,0,0,0,0,0,46,Pixels,(31.08, 94.00, 151.22),Team 2,0,0
[00:00:57] 57.97,0,0
[00:00:57] 57.98,Pixels,D.Va,150,0,0,669.98,0,0,0,0,0,0,0,0,0,0,0,54,Matrix,(33.63, 94.00, 154.81),Team 1,0,0
[00:00:57] 57.98,Matrix,Wrecking Ball,669.98,0,0,150,0,0,0,0,0,0,0,0,0,0,0,50,Pixels,(31.08, 94.00, 151.22),Team 2,0,0
[00:00:58] 58.97,0,0
[00:00:58] 58.99,Pixels,D.Va,150,0,0,694.98,0,0,0,0,0,0,0,0,0,0,0,56,Matrix,(33.63, 94.00, 154.81),Team 1,0,0
[00:00:58] 58.99,Matrix,Wrecking Ball,694.98,0,0,150,0,0,0,0,0,0,0,0,0,0,0,52,Pixels,(31.08, 94.00, 151.22),Team 2,0,0
[00:00:59] 59.98,0,0
[00:01:00] 60.00,Pixels,D.Va,150,0,0,714.98,0,0,0,0,0,0,0,0,0,0,0,57,Matrix,(33.63, 94.00, 154.81),Team 1,0,0
[00:01:00] 60.00,Matrix,Wrecking Ball,714.98,0,0,150,0,0,0,0,0,0,0,0,0,0,0,53,Pixels,(31.08, 94.00, 151.22),Team 2,0,0
[00:01:00] 60.99,0,0
[00:01:01] 61.01,Pixels,D.Va,150,0,0,724.98,0,0,0,0,0,0,0,0,0,0,0,59,Matrix,(33.63, 94.00, 154.81),Team 1,0,0
[00:01:01] 61.01,Matrix,Wrecking Ball,724.98,0,0,150,0,0,0,0,0,0,0,0,0,0,0,54,Pixels,(31.08, 94.00, 151.22),Team 2,0,0
[00:01:02] 62.00,0,0
[00:01:02] 62.01,Pixels,D.Va,150,0,0,724.98,0,0,0,0,0,0,0,0,0,0,0,61,Matrix,(33.63, 94.00, 154.81),Team 1,0,0
[00:01:02] 62.01,Matrix,Wrecking Ball,724.98,0,0,150,0,0,0,0,0,0,0,0,0,0,0,55,Pixels,(31.08, 94.00, 151.22),Team 2,0,0
[00:01:03] 63.01,0,0
[00:01:03] 63.02,Pixels,D.Va,150,0,0,724.98,0,0,0,0,0,0,0,0,0,0,0,62,Matrix,(33.63, 94.00, 154.81),Team 1,0,0
[00:01:03] 63.02,Matrix,Wrecking Ball,724.98,0,0,150,0,0,0,0,0,0,0,0,0,0,0,55,Pixels,(31.08, 94.00, 151.22),Team 2,0,0
[00:01:03] 63.46,Pixels,,0,0,0,0,0,0,0,0,0,0,0,0,0,0,0,0,Matrix,0,Team 1,0,0
[00:01:04] 64.01,0,0
[00:01:04] 64.03,Matrix,Wrecking Ball,724.98,0,0,150,0,0,0,0,0,0,0,0,0,0,0,55,Pixels,(29.95, 94.00, 149.62),Team 2,0.36,0
[00:01:04] 64.46,Pixels,,0,0,0,0,0,0,0,0,0,0,0,0,0,0,0,0,Matrix,0,Team 1,0,0
[00:01:05] 65.02,0,0
[00:01:05] 65.04,Matrix,Wrecking Ball,724.98,0,0,150,0,0,0,0,0,0,0,0,0,0,0,56,Pixels,(31.79, 94.00, 150.37),Team 2,0,0
[00:01:05] 65.47,Pixels,D.Va,0,0,0,0,0,0,0,0,0,0,0,0,0,0,0,0,Matrix,(84.75, 96.56, 146.88),Team 1,0,0
[00:01:06] 66.03,0,0
[00:01:06] 66.05,Matrix,Wrecking Ball,724.98,0,0,150,0,0,0,0,0,0,0,0,0,0,0,56,Pixels,(32.30, 94.00, 149.76),Team 2,0,0
[00:01:06] 66.48,Pixels,D.Va,0,0,0,599.98,0,0,0,0,0,0,0,0,0,0,0,4,Matrix,(33.63, 94.00, 154.81),Team 1,0,0
[00:01:07] 67.04,0,0
[00:01:07] 67.06,Matrix,Wrecking Ball,724.98,0,0,150,0,0,0,0,0,0,0,0,0,0,0,56,Pixels,(29.86, 94.00, 147.18),Team 2,0.35,0
[00:01:07] 67.49,Pixels,D.Va,0,0,0,599.98,0,0,0,0,0,0,0,0,0,0,0,64,Matrix,(34.75, 95.01, 154.57),Team 1,0,0
[00:01:08] 68.05,0,0
[00:01:08] 68.06,Matrix,Wrecking Ball,724.98,0,0,150,0,0,0,0,0,0,0,0,0,0,0,57,Pixels,(30.34, 94.00, 147.75),Team 2,0,0
[00:01:08] 68.50,Pixels,D.Va,0,0,0,599.98,0,0,0,0,0,0,0,0,0,0,0,65,Matrix,(34.75, 95.01, 154.57),Team 1,0,0
[00:01:09] 69.06,0,0
[00:01:09] 69.07,Matrix,Wrecking Ball,724.98,0,0,150,0,0,0,0,0,0,0,0,0,0,0,57,Pixels,(30.34, 94.00, 147.75),Team 2,0,0
[00:01:09] 69.50,Pixels,D.Va,0,0,0,599.98,0,0,0,0,0,0,0,0,0,0,0,67,Matrix,(34.75, 95.01, 154.57),Team 1,0,0
[00:01:10] 70.06,0,0
[00:01:10] 70.08,Matrix,Wrecking Ball,729.98,0,0,150,0,0,0,0,0,0,0,0,0,0,0,58,Pixels,(30.34, 94.00, 147.75),Team 2,0,0
[00:01:10] 70.51,Pixels,D.Va,0,0,0,604.98,0,0,0,0,0,0,0,0,0,0,0,68,Matrix,(34.75, 95.42, 154.57),Team 1,0,0
[00:01:11] 71.07,0,0
[00:01:11] 71.09,Matrix,Wrecking Ball,729.98,0,0,150,0,0,0,0,0,0,0,0,0,0,0,58,Pixels,(30.53, 94.00, 150.83),Team 2,0,0
[00:01:11] 71.52,Pixels,D.Va,0,0,0,604.98,0,0,0,0,0,0,0,0,0,0,0,70,Matrix,(32.49, 94.00, 153.41),Team 1,0,0
[00:01:12] 72.08,0,0
[00:01:12] 72.10,Matrix,Wrecking Ball,729.98,0,0,150,0,0,0,0,0,0,0,0,0,0,0,58,Pixels,(29.03, 94.00, 148.89),Team 2,0,0
[00:01:12] 72.53,Pixels,D.Va,0,0,0,604.98,0,0,0,0,0,0,0,0,0,0,0,71,Matrix,(32.95, 94.00, 154.05),Team 1,0,0
[00:01:13] 73.09,0,0
[00:01:13] 73.10,Matrix,Wrecking Ball,729.98,0,0,150,0,0,0,0,0,0,0,0,0,0,0,59,Pixels,(29.03, 94.00, 148.89),Team 2,0,0
[00:01:13] 73.54,Pixels,D.Va,0,0,0,604.98,0,0,0,0,0,0,0,0,0,0,0,73,Matrix,(32.95, 94.00, 154.05),Team 1,0,0
[00:01:13] 73.66,Pixels,Death
[00:01:13] 73.66,Matrix,FinalBlow
[00:01:14] 74.10,0,0
[00:01:14] 74.11,Matrix,Wrecking Ball,749.98,0,0,150,0,1,1,0,0,0,0,1,0,0,0,60,Pixels,(29.58, 94.00, 149.08),Team 2,0,0
[00:01:14] 74.54,Pixels,D.Va,0,0,0,624.98,1,0,0,0,0,0,0,0,0,0,0,6,Matrix,(32.95, 94.00, 154.05),Team 1,0,0
[00:01:15] 75.10,0,0
[00:01:15] 75.12,Matrix,Wrecking Ball,749.98,0,0,150,0,1,1,0,0,0,0,1,0,0,0,61,Pixels,(38.69, 95.00, 149.65),Team 2,0,0
[00:01:15] 75.55,Pixels,D.Va,0,0,0,624.98,1,0,0,0,0,0,0,0,0,0,0,7,Matrix,(32.95, 94.00, 154.05),Team 1,0,0
[00:01:16] 76.11,0,0
[00:01:16] 76.13,Matrix,Wrecking Ball,749.98,0,0,150,0,1,1,0,0,0,0,1,0,0,0,61,Pixels,(50.30, 93.97, 148.53),Team 2,0,0
[00:01:16] 76.56,Pixels,D.Va,0,0,0,624.98,1,0,0,0,0,0,0,0,0,0,0,7,Matrix,(32.95, 94.00, 154.05),Team 1,0,0
[00:01:17] 77.12,0,0
[00:01:17] 77.14,Matrix,Wrecking Ball,749.98,0,0,150,0,1,1,0,0,0,0,1,0,0,0,61,Pixels,(66.95, 98.58, 144.50),Team 2,0,0
[00:01:17] 77.57,Pixels,D.Va,0,0,0,624.98,1,0,0,0,0,0,0,0,0,0,0,7,Matrix,(32.95, 94.00, 154.05),Team 1,0,0
[00:01:18] 78.13,0,0
[00:01:18] 78.14,Matrix,Wrecking Ball,749.98,0,0,150,0,1,1,0,0,0,0,1,0,0,0,62,Pixels,(57.04, 97.38, 154.09),Team 2,0,0
[00:01:18] 78.57,Pixels,D.Va,0,0,0,624.98,1,0,0,0,0,0,0,0,0,0,0,8,Matrix,(32.95, 94.00, 154.05),Team 1,0,0
[00:01:19] 79.14,0,0
[00:01:19] 79.15,Matrix,Wrecking Ball,749.98,0,0,150,0,1,1,0,0,0,0,1,0,0,0,62,Pixels,(39.31, 95.00, 150.60),Team 2,0,0
[00:01:19] 79.58,Pixels,D.Va,0,0,0,624.98,1,0,0,0,0,0,0,0,0,0,0,8,Matrix,(32.95, 94.00, 154.05),Team 1,0,0
[00:01:20] 80.14,0,0
[00:01:20] 80.16,Matrix,Wrecking Ball,749.98,0,0,150,0,1,1,0,0,0,0,1,0,0,0,62,Pixels,(23.10, 94.00, 152.54),Team 2,0,0
[00:01:20] 80.59,Pixels,D.Va,0,0,0,624.98,1,0,0,0,0,0,0,0,0,0,0,8,Matrix,(32.95, 94.00, 154.05),Team 1,0,0
[00:01:21] 81.15,0,0
[00:01:21] 81.17,Matrix,Wrecking Ball,749.98,0,0,150,0,1,1,0,0,0,0,1,0,0,0,62,Pixels,(11.48, 94.15, 151.74),Team 2,0,0
[00:01:21] 81.60,Pixels,D.Va,0,0,0,624.98,1,0,0,0,0,0,0,0,0,0,0,9,Matrix,(32.95, 94.00, 154.05),Team 1,0,0
[00:01:22] 82.16,0,0
[00:01:22] 82.18,Matrix,Wrecking Ball,749.98,0,0,150,0,1,1,0,0,0,0,1,0,0,0,63,Pixels,(18.39, 95.07, 149.17),Team 2,0,0
[00:01:22] 82.61,Pixels,D.Va,0,0,0,624.98,1,0,0,0,0,0,0,0,0,0,0,9,Matrix,(32.95, 94.00, 154.05),Team 1,0,0
[00:01:23] 83.17,0,0
[00:01:23] 83.18,Matrix,Wrecking Ball,749.98,0,0,150,0,1,1,0,0,0,0,1,0,0,0,63,Pixels,(27.73, 94.00, 147.33),Team 2,0,0
[00:01:23] 83.61,Pixels,D.Va,0,0,0,624.98,1,0,0,0,0,0,0,0,0,0,0,9,Matrix,(32.95, 94.00, 154.05),Team 1,0,0
[00:01:24] 84.18,0,0
[00:01:24] 84.19,Matrix,Wrecking Ball,749.98,0,0,150,0,1,1,0,0,0,0,1,0,0,0,63,Pixels,(44.38, 95.04, 150.21),Team 2,0,0
[00:01:24] 84.62,Pixels,D.Va,0,0,0,624.98,1,0,0,0,0,0,0,0,0,0,0,9,Matrix,(85.71, 96.57, 143.70),Team 1,0,0
[00:01:25] 85.18,0,0
[00:01:25] 85.20,Matrix,Wrecking Ball,749.98,0,0,150,0,1,1,0,0,0,0,1,0,0,0,64,Pixels,(61.40, 94.00, 145.55),Team 2,0,0
[00:01:25] 85.63,Pixels,D.Va,0,0,0,624.98,1,0,0,0,0,0,0,0,0,0,0,10,Matrix,(85.71, 96.57, 143.70),Team 1,0,0
[00:01:26] 86.19,0,0
[00:01:26] 86.21,Matrix,Wrecking Ball,749.98,0,0,150,0,1,1,0,0,0,0,1,0,0,0,64,Pixels,(69.88, 98.57, 147.15),Team 2,0,0
[00:01:26] 86.64,Pixels,D.Va,0,0,0,624.98,1,0,0,0,0,0,0,0,0,0,0,10,Matrix,(85.71, 96.57, 143.70),Team 1,0,0
[00:01:27] 87.20,0,0
[00:01:27] 87.21,Matrix,Wrecking Ball,749.98,0,0,150,0,1,1,0,0,0,0,1,0,0,0,64,Pixels,(68.39, 95.35, 147.63),Team 2,0,0
[00:01:27] 87.65,Pixels,D.Va,0,0,0,624.98,1,0,0,0,0,0,0,0,0,0,0,10,Matrix,(83.21, 96.56, 143.95),Team 1,0,0
[00:01:28] 88.21,0,0
[00:01:28] 88.22,Matrix,Wrecking Ball,749.98,0,0,150,0,1,1,0,0,0,0,1,0,0,0,65,Pixels,(68.16, 95.22, 147.58),Team 2,0.29,0
[00:01:28] 88.65,Pixels,D.Va,0,0,0,624.98,1,0,0,0,0,0,0,0,0,0,0,11,Matrix,(82.89, 96.56, 143.98),Team 1,0,0
[00:01:29] 89.21,0,0
[00:01:29] 89.23,Matrix,Wrecking Ball,749.98,0,0,150,0,1,1,0,0,0,0,1,0,0,0,66,Pixels,(70.79, 96.55, 146.59),Team 2,0,0
[00:01:29] 89.66,Pixels,Baptiste,0,0,0,644.98,1,0,0,0,0,0,0,0,0,0,0,0,Matrix,(80.06, 97.51, 144.33),Team 1,0,0
[00:01:30] 90.22,0,0
[00:01:30] 90.24,Matrix,Wrecking Ball,769.98,0,0,150,0,1,1,0,0,0,0,1,0,0,0,67,Pixels,(68.42, 95.39, 147.14),Team 2,0,0
[00:01:30] 90.67,Pixels,Baptiste,0,0,0,644.98,1,0,0,0,0,0,0,0,0,0,0,0,Matrix,(74.58, 96.55, 145.10),Team 1,0,0
[00:01:31] 91.23,0,0
[00:01:31] 91.25,Matrix,Wrecking Ball,769.98,0,0,150,0,1,1,0,0,0,0,1,0,0,0,67,Pixels,(61.40, 93.99, 144.95),Team 2,0,0
[00:01:31] 91.68,Pixels,Baptiste,0,0,0,644.98,1,0,0,0,0,0,0,0,0,0,0,0,Matrix,(69.50, 96.04, 146.41),Team 1,0,0
[00:01:32] 92.24,0,0
[00:01:32] 92.25,Matrix,Wrecking Ball,769.98,0,0,150,0,1,1,0,0,0,0,1,0,0,0,67,Pixels,(52.81, 93.98, 149.39),Team 2,0,0
[00:01:32] 92.69,Pixels,Baptiste,0,0,0,644.98,1,0,0,0,0,0,0,0,0,0,0,0,Matrix,(65.50, 95.19, 149.98),Team 1,0,24.25
[00:01:33] 93.25,0,0
[00:01:33] 93.26,Matrix,Wrecking Ball,769.98,0,0,150,0,1,1,0,0,0,0,1,0,0,0,68,Pixels,(50.09, 94.40, 147.42),Team 2,0,0
[00:01:33] 93.69,Pixels,Baptiste,0,0,0,644.98,1,0,0,0,0,0,0,0,0,0,0,0,Matrix,(60.41, 94.00, 150.99),Team 1,0,23.24
[00:01:34] 94.25,0,0
[00:01:34] 94.27,Matrix,Wrecking Ball,819.98,0,0,150,0,1,1,0,0,0,0,1,0,0,0,71,Pixels,(65.03, 94.00, 150.53),Team 2,0,0
[00:01:34] 94.70,Pixels,Baptiste,0,0,0,694.98,1,0,0,0,0,0,0,0,0,0,0,1,Matrix,(69.37, 94.50, 152.87),Team 1,0,22.23
[00:01:35] 95.26,0,0
[00:01:35] 95.28,Matrix,Wrecking Ball,819.98,0,0,150,0,1,1,0,0,0,0,1,0,0,0,72,Pixels,(54.66, 94.40, 145.92),Team 2,0,0
[00:01:35] 95.71,Pixels,Baptiste,0,0,0,694.98,1,0,0,0,0,0,0,0,0,0,0,1,Matrix,(68.45, 94.50, 153.40),Team 1,0,21.22
[00:01:36] 96.27,0,0
[00:01:36] 96.29,Matrix,Wrecking Ball,819.98,0,0,150,0,1,1,0,0,0,0,1,0,0,0,75,Pixels,(67.86, 94.50, 152.74),Team 2,0,0
[00:01:36] 96.72,Pixels,Baptiste,0,0,0,744.98,1,0,0,0,0,0,0,0,0,0,0,1,Matrix,(72.09, 94.58, 152.19),Team 1,12.67,20.21
[00:01:37] 97.28,0,0
[00:01:37] 97.29,Matrix,Wrecking Ball,869.98,0,0,150,0,1,1,0,0,0,0,1,0,0,0,75,Pixels,(74.00, 88.55, 161.90),Team 2,0,0
[00:01:37] 97.73,Pixels,Baptiste,0,0,0,744.98,1,0,0,0,0,23.04,0,0,0,0,0,3,Matrix,(72.09, 94.58, 152.19),Team 1,11.66,19.21
[00:01:38] 98.29,0,0
[00:01:38] 98.30,Matrix,Wrecking Ball,869.98,0,0,150,0,1,1,0,0,0,0,1,0,0,0,76,Pixels,(72.71, 86.87, 159.44),Team 2,0,0
[00:01:38] 98.46,Matrix,Death
[00:01:38] 98.74,Pixels,Baptiste,0,0,0,744.98,1,0,0,0,0,69.12,0,0,0,0,0,4,Matrix,(72.09, 94.58, 152.19),Team 1,10.66,18.20
[00:01:38] 98.86,Pixels,,0,0,0,0,0,0,0,0,0,0,0,0,0,0,0,0,Matrix,0,Team 1,0,0
[00:01:39] 99.29,0,0
[00:01:39] 99.31,Matrix,Wrecking Ball,869.98,0,0,600,1,1,1,1,0,0,0,1,0,0,0,76,Pixels,(73.65, 41.74, 159.20),Team 2,0,0
[00:01:39] 99.87,Pixels,,0,0,0,0,0,0,0,0,0,0,0,0,0,0,0,0,Matrix,0,Team 1,0,0
[00:01:40] 100.30,0,0
[00:01:40] 100.32,Matrix,Wrecking Ball,869.98,0,0,600,1,1,1,1,0,0,0,1,0,0,0,76,Pixels,(73.65, 41.74, 159.20),Team 2,0,0
[00:01:40] 100.88,Pixels,,0,0,0,0,0,0,0,0,0,0,0,0,0,0,0,0,Matrix,0,Team 1,0,0
[00:01:41] 101.31,0,0
[00:01:41] 101.33,Matrix,Wrecking Ball,869.98,0,0,600,1,1,1,1,0,0,0,1,0,0,0,77,Pixels,(73.65, 41.74, 159.20),Team 2,0,0
[00:01:41] 101.89,Pixels,D.Va,0,0,0,0,0,0,0,0,0,0,0,0,0,0,0,0,Matrix,(84.10, 96.56, 143.90),Team 1,0,0
[00:01:42] 102.32,0,0
[00:01:42] 102.33,Matrix,Wrecking Ball,869.98,0,0,600,1,1,1,1,0,0,0,1,0,0,0,77,Pixels,(73.65, 41.74, 159.20),Team 2,0,0
[00:01:42] 102.89,Pixels,D.Va,0,0,0,0,0,0,0,0,0,0,0,0,0,0,0,0,Matrix,(79.94, 96.56, 144.36),Team 1,0,0
[00:01:43] 103.33,0,0
[00:01:43] 103.34,Matrix,Wrecking Ball,869.98,0,0,600,1,1,1,1,0,0,0,1,0,0,0,77,Pixels,(73.65, 41.74, 159.20),Team 2,0,0
[00:01:43] 103.90,Pixels,D.Va,0,0,0,0,0,0,0,0,0,0,0,0,0,0,0,0,Matrix,(79.94, 96.56, 144.36),Team 1,0,0
[00:01:44] 104.33,0,0
[00:01:44] 104.35,Matrix,Wrecking Ball,869.98,0,0,600,1,1,1,1,0,0,0,1,0,0,0,78,Pixels,(73.65, 41.74, 159.20),Team 2,0,0
[00:01:44] 104.91,Pixels,Baptiste,0,0,0,0,0,0,0,0,0,0,0,0,0,0,0,0,Matrix,(79.94, 96.56, 144.36),Team 1,0,0
[00:01:45] 105.34,0,0
[00:01:45] 105.36,Matrix,Wrecking Ball,869.98,0,0,600,1,1,1,1,0,0,0,1,0,0,0,78,Pixels,(73.65, 41.74, 159.20),Team 2,0,0
[00:01:45] 105.92,Pixels,Baptiste,0,0,0,0,0,0,0,0,0,0,0,0,0,0,0,0,Matrix,(77.35, 96.56, 144.62),Team 1,0,0
[00:01:46] 106.35,0,0
[00:01:46] 106.37,Matrix,Wrecking Ball,869.98,0,0,600,1,1,1,1,0,0,0,1,0,0,0,78,Pixels,(73.65, 41.74, 159.20),Team 2,0,0
[00:01:46] 106.93,Pixels,Baptiste,0,0,0,0,0,0,0,0,0,0,0,0,0,0,0,0,Matrix,(72.41, 99.86, 145.05),Team 1,0,0
[00:01:47] 107.36,0,0
[00:01:47] 107.38,Matrix,Wrecking Ball,869.98,0,0,600,1,1,1,1,0,0,0,1,0,0,0,79,Pixels,(73.65, 41.74, 159.20),Team 2,0,0
[00:01:47] 107.93,Pixels,Baptiste,0,0,0,0,0,0,0,0,0,0,0,0,0,0,0,0,Matrix,(67.92, 96.98, 147.30),Team 1,0,0
[00:01:48] 108.37,0,0
[00:01:48] 108.38,Matrix,Wrecking Ball,869.98,0,0,600,1,1,1,1,0,0,0,1,0,0,0,79,Pixels,(73.65, 41.74, 159.20),Team 2,0,0
[00:01:48] 108.94,Pixels,Baptiste,0,0,0,0,0,0,0,0,0,0,0,0,0,0,0,0,Matrix,(67.62, 94.50, 152.80),Team 1,0,24.76
[00:01:49] 109.38,0,0
[00:01:49] 109.39,Matrix,Wrecking Ball,869.98,0,0,600,1,1,1,1,0,0,0,1,0,0,0,79,Pixels,(-77.46, 96.56, 145.26),Team 2,0,0
[00:01:49] 109.95,Pixels,Baptiste,0,0,0,0,0,0,0,0,0,0,0,0,0,0,0,1,Matrix,(67.61, 94.50, 153.38),Team 1,0,23.75
[00:01:50] 110.38,0,0
[00:01:50] 110.40,Matrix,Wrecking Ball,869.98,0,0,600,1,1,1,1,0,0,0,1,0,0,0,80,Pixels,(-59.34, 94.00, 145.58),Team 2,0,0
[00:01:50] 110.96,Pixels,Baptiste,0,0,0,0,0,0,0,0,0,0,0,0,0,0,0,1,Matrix,(66.16, 94.50, 153.76),Team 1,0,22.74
[00:01:51] 111.39,0,0
[00:01:51] 111.41,Matrix,Wrecking Ball,869.98,0,0,600,1,1,1,1,0,0,0,1,0,0,0,80,Pixels,(-41.54, 95.79, 149.00),Team 2,0,0
[00:01:51] 111.97,Pixels,Baptiste,0,0,0,0,0,0,0,0,0,0,0,0,0,0,0,1,Matrix,(61.84, 94.50, 153.52),Team 1,0,21.73
[00:01:52] 112.40,0,0
[00:01:52] 112.42,Matrix,Wrecking Ball,869.98,0,0,600,1,1,1,1,0,0,0,1,0,0,0,80,Pixels,(-25.13, 94.58, 143.21),Team 2,0,0
[00:01:52] 112.97,Pixels,Baptiste,0,0,0,0,0,0,0,0,0,0,0,0,0,0,0,1,Matrix,(59.88, 94.50, 154.38),Team 1,0,20.73
[00:01:53] 113.41,0,0
[00:01:53] 113.42,Matrix,Wrecking Ball,869.98,0,0,600,1,1,1,1,0,0,0,1,0,0,0,81,Pixels,(-15.35, 97.27, 132.69),Team 2,0,0
[00:01:53] 113.98,Pixels,Baptiste,0,0,0,0,0,0,0,0,0,0,0,0,0,0,0,1,Matrix,(57.67, 100.24, 153.70),Team 1,0,19.72
[00:01:54] 114.42,0,0
[00:01:54] 114.43,Matrix,Wrecking Ball,869.98,0,0,600,1,1,1,1,0,0,0,1,0,0,0,81,Pixels,(-5.58, 95.47, 125.51),Team 2,0,0
[00:01:54] 114.99,Pixels,Baptiste,0,0,0,0,0,0,0,0,0,0,0,0,0,0,0,2,Matrix,(52.38, 102.29, 152.10),Team 1,0,18.71
[00:01:55] 115.42,0,0
[00:01:55] 115.44,Matrix,Wrecking Ball,869.98,0,0,600,1,1,1,1,0,0,0,1,0,0,0,81,Pixels,(7.64, 95.00, 128.23),Team 2,0,0
[00:01:56] 116.00,Pixels,Baptiste,0,0,0,0,0,0,0,0,0,0,0,0,0,0,0,2,Matrix,(47.88, 95.00, 151.13),Team 1,0,17.70
[00:01:56] 116.43,0,0
[00:01:56] 116.45,Matrix,Wrecking Ball,869.98,0,0,600,1,1,1,1,0,0,0,1,0,0,0,82,Pixels,(22.33, 96.62, 139.27),Team 2,0,0
[00:01:57] 117.01,Pixels,Baptiste,0,0,0,0,0,0,0,0,0,0,0,0,0,0,0,2,Matrix,(44.05, 95.04, 150.71),Team 1,0,16.69
[00:01:57] 117.44,0,0
[00:01:57] 117.46,Matrix,Wrecking Ball,869.98,0,0,600,1,1,1,1,0,0,0,1,0,0,0,82,Pixels,(36.52, 95.59, 149.58),Team 2,0,0
[00:01:58] 118.01,Pixels,Baptiste,0,0,0,0,0,0,0,0,0,0,0,0,0,0,0,2,Matrix,(41.71, 95.00, 150.45),Team 1,0,15.68
[00:01:58] 118.45,0,0
[00:01:58] 118.46,Matrix,Wrecking Ball,869.98,0,0,600,1,1,1,1,0,0,0,1,0,0,0,82,Pixels,(40.48, 95.00, 148.39),Team 2,0,0
[00:01:59] 119.02,Pixels,Baptiste,0,0,0,0,0,0,0,0,0,0,0,0,0,0,0,3,Matrix,(41.71, 95.00, 150.45),Team 1,0,14.68
[00:01:59] 119.46,0,0
[00:01:59] 119.47,Matrix,Wrecking Ball,969.98,0,0,600,1,1,1,1,0,0,0,1,0,0,0,95,Pixels,(40.46, 95.00, 148.34),Team 2,0,0
[00:02:00] 120.03,Pixels,Baptiste,0,0,0,190,0,0,0,0,0,0,0,0,0,0,0,3,Matrix,(41.71, 95.00, 150.45),Team 1,0,13.67
[00:02:00] 120.46,0,0
[00:02:00] 120.48,Matrix,Wrecking Ball,1059.98,0,0,600,1,1,1,1,0,0,0,1,0,0,0,95,Pixels,(36.46, 95.00, 147.87),Team 2,0,0
[00:02:01] 121.04,Pixels,Baptiste,0,0,0,190,0,0,0,0,0,0,0,0,0,0,0,3,Matrix,(41.71, 95.00, 150.45),Team 1,0,12.66
[00:02:01] 121.47,0,0
[00:02:01] 121.49,Matrix,Wrecking Ball,1059.98,0,0,600,1,1,1,1,0,0,0,1,0,0,0,96,Pixels,(36.40, 95.00, 148.18),Team 2,0,0
[00:02:02] 122.05,Pixels,Baptiste,0,0,0,190,0,0,0,0,0,0,0,0,0,0,0,3,Matrix,(41.71, 95.00, 150.45),Team 1,0,11.65
[00:02:02] 122.48,0,0
[00:02:02] 122.50,Matrix,Wrecking Ball,1059.98,0,0,600,1,1,1,1,0,0,0,1,0,0,0,96,Pixels,(42.14, 96.11, 151.84),Team 2,0,0
[00:02:02] 122.70,Pixels,,0,0,0,0,0,0,0,0,0,0,0,0,0,0,0,0,Matrix,0,Team 1,0,0
[00:02:03] 123.49,0,0
[00:02:03] 123.50,Matrix,Wrecking Ball,1059.98,0,0,600,1,1,1,1,0,0,0,1,0,0,0,96,Pixels,(42.19, 95.00, 151.56),Team 2,0,0
[00:02:03] 123.71,Pixels,,0,0,0,0,0,0,0,0,0,0,0,0,0,0,0,0,Matrix,0,Team 1,0,0
[00:02:04] 124.50,0,0
[00:02:04] 124.51,Matrix,Wrecking Ball,1059.98,0,0,600,1,1,1,1,0,0,0,1,0,0,0,97,Pixels,(38.09, 95.00, 147.74),Team 2,0,0
[00:02:04] 124.72,Pixels,Baptiste,0,0,0,0,0,0,0,0,0,0,0,0,0,0,0,0,Matrix,(85.47, 96.57, 141.82),Team 1,0,0
[00:02:05] 125.50,0,0
[00:02:05] 125.52,Matrix,Wrecking Ball,1059.98,0,0,600,1,1,1,1,0,0,0,1,0,0,0,97,Pixels,(37.44, 95.00, 150.07),Team 2,0,0
[00:02:05] 125.73,Pixels,Baptiste,0,0,0,0,0,0,0,0,0,0,0,0,0,0,0,3,Matrix,(41.71, 95.00, 150.45),Team 1,0,10.45
[00:02:06] 126.51,0,0
[00:02:06] 126.53,Matrix,Wrecking Ball,1059.98,0,0,600,1,1,1,1,0,0,0,1,0,0,0,97,Pixels,(44.39, 95.00, 148.88),Team 2,0,0
[00:02:06] 126.74,Pixels,Baptiste,0,0,0,0,0,0,0,0,0,0,0,0,0,0,0,3,Matrix,(41.71, 95.00, 150.45),Team 1,0,9.45
[00:02:07] 127.52,0,0
[00:02:07] 127.54,Matrix,Wrecking Ball,1059.98,0,0,600,1,1,1,1,0,0,0,1,0,0,0,98,Pixels,(53.41, 93.98, 149.39),Team 2,0,0
[00:02:07] 127.74,Pixels,Baptiste,0,0,0,0,0,0,0,0,0,0,0,0,0,0,0,3,Matrix,(42.40, 95.00, 150.85),Team 1,0,8.44
[00:02:08] 128.53,0,0
[00:02:08] 128.54,Matrix,Wrecking Ball,1059.98,0,0,600,1,1,1,1,0,0,0,1,0,0,0,98,Pixels,(50.61, 93.98, 149.06),Team 2,0,0
[00:02:08] 128.75,Pixels,Baptiste,0,0,0,0,0,0,0,0,0,0,0,0,0,0,0,3,Matrix,(42.44, 95.00, 150.01),Team 1,0,7.43
[00:02:09] 129.54,0,0
[00:02:09] 129.55,Matrix,Wrecking Ball,1059.98,0,0,600,1,1,1,1,0,0,0,1,0,0,0,98,Pixels,(56.18, 93.99, 148.67),Team 2,0,0
[00:02:09] 129.76,Pixels,Baptiste,0,0,0,0,0,0,0,0,0,0,0,0,0,0,0,4,Matrix,(42.44, 101.55, 150.01),Team 1,0,6.42
[00:02:10] 130.54,0,0
[00:02:10] 130.56,Matrix,Wrecking Ball,1059.98,0,0,600,1,1,1,1,0,0,0,1,0,0,0,99,Pixels,(52.33, 93.98, 148.92),Team 2,0,0
[00:02:10] 130.77,Pixels,Baptiste,0,0,0,0,0,0,0,0,0,0,0,0,0,0,0,4,Matrix,(42.87, 102.20, 150.04),Team 1,0,5.41
[00:02:11] 131.55,0,0
[00:02:11] 131.57,Matrix,Wrecking Ball,1059.98,0,0,600,1,1,1,1,0,0,0,1,0,0,0,99,Pixels,(38.87, 95.00, 150.08),Team 2,0,0
[00:02:11] 131.77,Pixels,Baptiste,0,0,0,0,0,0,0,0,0,0,0,0,0,0,0,4,Matrix,(44.90, 95.04, 150.19),Team 1,0,4.41
[00:02:12] 132.56,0,0
[00:02:12] 132.57,Matrix,Wrecking Ball,1059.98,0,0,600,1,1,1,1,0,0,0,1,0,0,0,99,Pixels,(30.44, 101.62, 150.22),Team 2,0,0
[00:02:12] 132.78,Pixels,Baptiste,0,0,0,0,0,0,0,0,0,0,0,0,0,0,0,4,Matrix,(42.86, 96.11, 150.57),Team 1,0,3.40
[00:02:13] 133.57,0,0
[00:02:13] 133.58,Matrix,Wrecking Ball,1059.98,0,0,600,1,1,1,1,0,0,0,1,0,0,0,99,Pixels,(31.28, 94.85, 150.16),Team 2,0,0
[00:02:13] 133.79,Pixels,Baptiste,0,0,0,0,0,0,0,0,0,0,0,0,0,0,0,4,Matrix,(40.62, 104.08, 150.97),Team 1,0,2.39
[00:02:14] 134.57,0,0
[00:02:14] 134.59,Matrix,Wrecking Ball,1059.98,0,0,600,1,1,1,1,0,0,0,1,1,0,0,100,Pixels,(42.74, 99.00, 149.91),Team 2,0,0
[00:02:14] 134.80,Pixels,Baptiste,0,0,0,0,0,0,0,0,0,0,0,0,0,0,0,5,Matrix,(41.46, 100.06, 150.34),Team 1,0,1.38
[00:02:15] 135.57,Pixels,Death
[00:02:15] 135.57,Matrix,FinalBlow
[00:02:15] 135.58,0,0
[00:02:15] 135.60,Matrix,Wrecking Ball,1059.98,0,0,600,1,1,1,1,0,0,0,1,1,0,0,100,Pixels,(40.20, 95.00, 150.06),Team 2,0,0
[00:02:15] 135.81,Pixels,Baptiste,0,0,0,10,1,0,0,0,0,0,0,0,0,0,0,5,Matrix,(42.06, 95.00, 149.44),Team 1,0,0.37
[00:02:16] 136.59,0,0
[00:02:16] 136.61,Matrix,Wrecking Ball,1069.98,0,0,600,1,2,2,1,0,0,0,2,1,0,0,100,Pixels,(41.38, 95.00, 150.31),Team 2,0,0
[00:02:16] 136.82,Pixels,Baptiste,0,0,0,10,1,0,0,0,0,0,0,0,0,0,0,5,Matrix,(42.06, 95.00, 149.44),Team 1,0,0
[00:02:17] 137.60,0,0
[00:02:17] 137.62,Matrix,Wrecking Ball,1069.98,0,0,600,1,2,2,1,0,0,0,2,1,0,0,100,Pixels,(51.05, 93.98, 148.67),Team 2,0,0
[00:02:17] 137.82,Pixels,Baptiste,0,0,0,10,1,0,0,0,0,0,0,0,0,0,0,5,Matrix,(42.06, 95.00, 149.44),Team 1,0,0
[00:02:18] 138.61,0,0
[00:02:18] 138.62,Matrix,Wrecking Ball,1069.98,0,0,600,1,2,2,1,0,0,0,2,1,0,0,100,Pixels,(60.44, 94.00, 146.12),Team 2,0,0
[00:02:18] 138.83,Pixels,Baptiste,0,0,0,10,1,0,0,0,0,0,0,0,0,0,0,6,Matrix,(42.06, 95.00, 149.44),Team 1,0,0
[00:02:19] 139.62,0,0
[00:02:19] 139.63,Matrix,Wrecking Ball,1069.98,0,0,600,1,2,2,1,0,0,0,2,1,0,0,0,Pixels,(70.06, 96.40, 145.58),Team 2,0,0
[00:02:19] 139.84,Pixels,Baptiste,0,0,0,10,1,0,0,0,0,0,0,0,0,0,0,6,Matrix,(42.06, 95.00, 149.44),Team 1,0,0
[00:02:20] 140.62,0,0
[00:02:20] 140.64,Matrix,Wrecking Ball,1069.98,0,0,600,1,2,2,1,0,0,0,2,1,1,0,0,Pixels,(63.85, 95.96, 145.63),Team 2,0,0
[00:02:20] 140.85,Pixels,Baptiste,0,0,0,10,1,0,0,0,0,0,0,0,0,0,0,6,Matrix,(42.06, 95.00, 149.44),Team 1,0,0
[00:02:21] 141.63,0,0
[00:02:21] 141.65,Matrix,Wrecking Ball,1069.98,0,0,600,1,2,2,1,0,0,0,2,1,1,0,0,Pixels,(53.29, 94.40, 146.73),Team 2,0,0
[00:02:21] 141.85,Pixels,Baptiste,0,0,0,10,1,0,0,0,0,0,0,0,0,0,0,6,Matrix,(42.06, 95.00, 149.44),Team 1,0,0
[00:02:22] 142.64,0,0
[00:02:22] 142.65,Matrix,Wrecking Ball,1069.98,0,0,600,1,2,2,1,0,0,0,2,1,1,0,0,Pixels,(44.42, 95.00, 147.62),Team 2,0,0
[00:02:22] 142.86,Pixels,Baptiste,0,0,0,10,1,0,0,0,0,0,0,0,0,0,0,6,Matrix,(42.06, 95.00, 149.44),Team 1,0,0
[00:02:23] 143.65,0,0
[00:02:23] 143.66,Matrix,Wrecking Ball,1069.98,0,0,600,1,2,2,1,0,0,0,2,1,1,0,0,Pixels,(41.48, 95.00, 147.45),Team 2,0,0
[00:02:23] 143.87,Pixels,Baptiste,0,0,0,10,1,0,0,0,0,0,0,0,0,0,0,7,Matrix,(42.06, 95.00, 149.44),Team 1,0,0
[00:02:24] 144.65,0,0
[00:02:24] 144.67,Matrix,Wrecking Ball,1069.98,0,0,600,1,2,2,1,0,0,0,2,1,1,0,1,Pixels,(43.15, 95.00, 149.16),Team 2,0,0
[00:02:24] 144.88,Pixels,Baptiste,0,0,0,10,1,0,0,0,0,0,0,0,0,0,0,7,Matrix,(42.06, 95.00, 149.44),Team 1,0,0
[00:02:25] 145.66,0,0
[00:02:25] 145.68,Matrix,Wrecking Ball,1069.98,0,0,600,1,2,2,1,0,0,0,2,1,1,0,1,Pixels,(43.15, 95.00, 149.16),Team 2,0,0
[00:02:25] 145.89,Pixels,Baptiste,0,0,0,10,1,0,0,0,0,0,0,0,0,0,0,7,Matrix,(84.50, 96.56, 147.67),Team 1,0,0
[00:02:26] 146.67,0,0
[00:02:26] 146.69,Matrix,Wrecking Ball,1069.98,0,0,600,1,2,2,1,0,0,0,2,1,1,0,1,Pixels,(43.08, 95.00, 148.45),Team 2,0,0
[00:02:26] 146.90,Pixels,Baptiste,0,0,0,10,1,0,0,0,0,0,0,0,0,0,0,7,Matrix,(78.97, 96.56, 147.30),Team 1,0,0
[00:02:27] 147.68,0,0
[00:02:27] 147.70,Matrix,Wrecking Ball,1069.98,0,0,600,1,2,2,1,0,0,0,2,1,1,0,2,Pixels,(43.04, 95.00, 148.10),Team 2,0,0
[00:02:27] 147.90,Pixels,Baptiste,0,0,0,10,1,0,0,0,0,0,0,0,0,0,0,7,Matrix,(73.94, 96.58, 145.75),Team 1,0,0
[00:02:28] 148.69,0,0
[00:02:28] 148.70,Matrix,Wrecking Ball,1069.98,0,0,600,1,2,2,1,0,0,0,2,1,1,0,2,Pixels,(43.04, 95.00, 148.10),Team 2,0,0
[00:02:28] 148.91,Pixels,Baptiste,0,0,0,10,1,0,0,0,0,0,0,0,0,0,0,8,Matrix,(71.53, 97.04, 145.94),Team 1,0,0
[00:02:29] 149.65,Pixels,Death
[00:02:29] 149.65,Matrix,FinalBlow
[00:02:29] 149.70,0,0
[00:02:29] 149.71,Matrix,Wrecking Ball,1229.98,0,0,600,1,2,2,1,0,0,0,2,1,1,0,2,Pixels,(43.04, 95.00, 148.10),Team 2,0,0
[00:02:29] 149.92,Pixels,Baptiste,0,0,0,210,2,0,0,0,0,0,0,0,0,0,0,8,Matrix,(66.35, 95.50, 145.79),Team 1,0,24.13
[00:02:30] 150.70,0,0
[00:02:30] 150.72,Matrix,Wrecking Ball,1269.98,0,0,600,1,3,3,1,0,0,0,3,1,1,0,3,Pixels,(43.04, 95.00, 148.10),Team 2,0,0
[00:02:30] 150.93,Pixels,Baptiste,0,0,0,210,2,0,0,0,0,0,0,0,0,0,0,8,Matrix,(66.35, 94.01, 145.79),Team 1,0,23.13
[00:02:31] 151.71,0,0
[00:02:31] 151.73,Matrix,Wrecking Ball,1269.98,0,0,600,1,3,3,1,0,0,0,3,1,1,0,3,Pixels,(43.04, 95.00, 148.10),Team 2,0,0
[00:02:31] 151.93,Pixels,Baptiste,0,0,0,210,2,0,0,0,0,0,0,0,0,0,0,8,Matrix,(66.35, 94.01, 145.79),Team 1,0,22.12
[00:02:32] 152.72,0,0
[00:02:32] 152.74,Matrix,Wrecking Ball,1269.98,0,0,600,1,3,3,1,0,0,0,3,1,1,0,3,Pixels,(43.67, 95.00, 148.07),Team 2,0,0
[00:02:32] 152.94,Pixels,Baptiste,0,0,0,210,2,0,0,0,0,0,0,0,0,0,0,9,Matrix,(66.35, 94.01, 145.79),Team 1,0,21.11
[00:02:33] 153.73,0,0
[00:02:33] 153.74,Matrix,Wrecking Ball,1269.98,0,0,600,1,3,3,1,0,0,0,3,1,1,0,4,Pixels,(50.24, 94.40, 147.75),Team 2,0,0
[00:02:33] 153.95,Pixels,Baptiste,0,0,0,210,2,0,0,0,0,0,0,0,0,0,0,9,Matrix,(66.35, 94.01, 145.79),Team 1,0,20.10
[00:02:34] 154.74,0,0
[00:02:34] 154.75,Matrix,Wrecking Ball,1269.98,0,0,600,1,3,3,1,0,0,0,3,1,1,0,4,Pixels,(50.15, 94.75, 153.61),Team 2,0,0
[00:02:34] 154.96,Pixels,Baptiste,0,0,0,210,2,0,0,0,0,0,0,0,0,0,0,9,Matrix,(66.35, 94.01, 145.79),Team 1,0,19.09
[00:02:35] 155.74,0,0
[00:02:35] 155.76,Matrix,Wrecking Ball,1269.98,0,0,600,1,3,3,1,0,0,0,3,1,1,0,4,Pixels,(59.56, 94.50, 156.90),Team 2,0,0
[00:02:35] 155.97,Pixels,Baptiste,0,0,0,210,2,0,0,0,0,0,0,0,0,0,0,9,Matrix,(66.35, 94.01, 145.79),Team 1,0,18.08
[00:02:36] 156.75,0,0
[00:02:36] 156.77,Matrix,Wrecking Ball,1269.98,0,0,600,1,3,3,1,0,0,0,3,1,1,0,5,Pixels,(67.40, 94.50, 158.51),Team 2,0,0
[00:02:36] 156.98,Pixels,Baptiste,0,0,0,210,2,0,0,0,0,0,0,0,0,0,0,9,Matrix,(66.35, 94.01, 145.79),Team 1,0,17.08
[00:02:37] 157.76,0,0
[00:02:37] 157.77,Matrix,Wrecking Ball,1269.98,0,0,600,1,3,3,1,0,0,0,3,1,1,0,5,Pixels,(67.59, 94.50, 158.95),Team 2,0,0
[00:02:37] 157.98,Pixels,Baptiste,0,0,0,210,2,0,0,0,0,0,0,0,0,0,0,10,Matrix,(66.35, 94.01, 145.79),Team 1,0,16.07
[00:02:38] 158.77,0,0
[00:02:38] 158.78,Matrix,Wrecking Ball,1269.98,0,0,600,1,3,3,1,0,0,0,3,1,1,0,5,Pixels,(64.40, 94.50, 157.02),Team 2,0,0
[00:02:38] 158.99,Pixels,Baptiste,0,0,0,210,2,0,0,0,0,0,0,0,0,0,0,10,Matrix,(66.35, 94.01, 145.79),Team 1,0,15.06
[00:02:39] 159.77,0,0
[00:02:39] 159.79,Matrix,Wrecking Ball,1269.98,0,0,600,1,3,3,1,0,0,0,3,1,1,0,6,Pixels,(58.98, 94.00, 149.05),Team 2,0,0
[00:02:40] 160.00,Pixels,Baptiste,0,0,0,210,2,0,0,0,0,0,0,0,0,0,0,10,Matrix,(84.26, 96.56, 143.82),Team 1,0,0
[00:02:40] 160.78,0,0
[00:02:40] 160.80,Matrix,Wrecking Ball,1269.98,0,0,600,1,3,3,1,0,0,0,3,1,1,0,6,Pixels,(62.49, 93.99, 140.42),Team 2,0,0
[00:02:41] 161.01,Pixels,Baptiste,0,0,0,210,2,0,0,0,0,0,0,0,0,0,0,10,Matrix,(78.74, 97.49, 144.34),Team 1,0,0
[00:02:41] 161.79,0,0
[00:02:41] 161.81,Matrix,Wrecking Ball,1269.98,0,0,600,1,3,3,1,0,0,0,3,1,1,0,6,Pixels,(69.09, 94.01, 135.59),Team 2,0,0
[00:02:42] 162.01,Pixels,Baptiste,0,0,0,210,2,0,0,0,0,0,0,0,0,0,0,11,Matrix,(73.64, 97.16, 146.29),Team 1,0,0
[00:02:42] 162.80,0,0
[00:02:42] 162.82,Matrix,Wrecking Ball,1269.98,0,0,600,1,3,3,1,0,0,0,3,1,1,0,7,Pixels,(68.40, 94.00, 138.25),Team 2,0,0
[00:02:43] 163.02,Pixels,Baptiste,0,0,0,210,2,0,0,0,0,0,0,0,0,0,0,11,Matrix,(68.50, 95.57, 144.70),Team 1,0,0
[00:02:43] 163.81,0,0
[00:02:43] 163.82,Matrix,Wrecking Ball,1269.98,0,0,600,1,3,3,1,0,0,0,3,1,1,0,7,Pixels,(62.13, 93.99, 144.40),Team 2,0,0
[00:02:44] 164.03,Pixels,Baptiste,0,0,0,210,2,0,0,0,0,0,0,0,0,0,0,11,Matrix,(67.03, 93.99, 141.24),Team 1,0,0
[00:02:44] 164.82,0,0
[00:02:44] 164.83,Matrix,Wrecking Ball,1269.98,0,0,600,1,3,3,1,0,0,0,3,1,1,0,7,Pixels,(57.17, 102.88, 153.57),Team 2,0,0
[00:02:45] 165.04,Pixels,Baptiste,0,0,0,210,2,0,0,0,0,0,0,0,0,0,0,11,Matrix,(65.44, 93.99, 142.47),Team 1,0,0
[00:02:45] 165.82,0,0
[00:02:45] 165.84,Matrix,Wrecking Ball,1269.98,0,0,600,1,3,3,1,0,0,0,3,1,1,0,8,Pixels,(64.84, 96.31, 147.69),Team 2,0,0
[00:02:46] 166.05,Pixels,Baptiste,0,0,0,210,2,0,0,0,0,0,0,0,0,0,0,11,Matrix,(65.65, 93.99, 142.57),Team 1,0,0
[00:02:46] 166.83,0,0
[00:02:46] 166.85,Matrix,Wrecking Ball,1269.98,0,0,600,1,3,3,1,0,0,0,3,1,1,0,8,Pixels,(64.58, 94.00, 144.75),Team 2,0,0
[00:02:47] 167.05,Pixels,Baptiste,0,0,0,210,2,0,0,0,0,0,0,0,0,0,0,12,Matrix,(65.78, 93.99, 142.16),Team 1,0,0
[00:02:47] 167.84,0,0
[00:02:47] 167.85,Matrix,Wrecking Ball,1269.98,0,0,600,1,3,3,1,0,0,0,3,1,1,0,8,Pixels,(66.29, 94.16, 143.78),Team 2,0,0
[00:02:48] 168.06,Pixels,Baptiste,0,0,0,210,2,0,0,0,0,0,0,0,0,0,0,12,Matrix,(69.73, 94.00, 142.63),Team 1,0,0
[00:02:48] 168.85,0,0
[00:02:48] 168.86,Matrix,Wrecking Ball,1269.98,0,0,600,1,3,3,1,0,0,0,3,1,1,0,9,Pixels,(68.46, 95.58, 144.06),Team 2,0,0
[00:02:49] 169.07,Pixels,Baptiste,0,0,0,210,2,0,0,0,0,0,0,0,0,0,0,12,Matrix,(69.59, 94.00, 142.11),Team 1,0,0
[00:02:49] 169.85,0,0
[00:02:49] 169.87,Matrix,Wrecking Ball,1269.98,0,0,600,1,3,3,1,0,0,0,3,1,1,0,9,Pixels,(69.09, 94.95, 142.53),Team 2,0,0
[00:02:50] 170.08,Pixels,Baptiste,0,0,0,210,2,0,0,0,0,0,0,0,0,0,0,12,Matrix,(69.11, 94.00, 141.77),Team 1,0,0
[00:02:50] 170.86,0,0
[00:02:50] 170.88,Matrix,Wrecking Ball,1269.98,0,0,600,1,3,3,1,0,0,0,3,1,1,0,9,Pixels,(69.33, 94.56, 142.41),Team 2,0,0
[00:02:51] 171.09,Pixels,Baptiste,0,0,0,210,2,0,0,0,0,0,0,0,0,0,0,12,Matrix,(68.90, 94.00, 141.70),Team 1,0,0
[00:02:51] 171.87,0,0
[00:02:51] 171.89,Matrix,Wrecking Ball,1269.98,0,0,600,1,3,3,1,0,0,0,3,1,1,0,10,Pixels,(67.01, 94.24, 140.94),Team 2,0,0
[00:02:52] 172.10,Pixels,Baptiste,0,0,0,210,2,0,0,0,0,0,0,0,0,0,0,13,Matrix,(68.90, 94.00, 141.70),Team 1,0,0
[00:02:52] 172.88,0,0
[00:02:52] 172.90,Matrix,Wrecking Ball,1269.98,0,0,600,1,3,3,1,0,0,0,3,1,1,0,10,Pixels,(68.57, 95.15, 141.57),Team 2,0,0
[00:02:53] 173.10,Pixels,Baptiste,0,0,0,210,2,0,0,0,0,0,0,0,0,0,0,13,Matrix,(68.90, 94.00, 141.70),Team 1,0,0
[00:02:53] 173.89,0,0
[00:02:53] 173.90,Matrix,Wrecking Ball,1269.98,0,0,600,1,3,3,1,0,0,0,3,1,1,0,10,Pixels,(68.86, 95.30, 141.73),Team 2,0,0
[00:02:54] 174.11,Pixels,Baptiste,0,0,0,210,2,0,0,0,0,0,0,0,0,0,0,13,Matrix,(68.90, 94.00, 141.70),Team 1,0,0
[00:02:54] 174.90,0,0
[00:02:54] 174.91,Matrix,Wrecking Ball,1269.98,0,0,600,1,3,3,1,0,0,0,3,1,1,0,11,Pixels,(69.11, 95.25, 142.08),Team 2,0,0
[00:02:55] 175.12,Pixels,Baptiste,0,0,0,210,2,0,0,0,0,0,0,0,0,0,0,13,Matrix,(68.90, 94.00, 141.70),Team 1,0,0
[00:02:55] 175.90,0,0
[00:02:55] 175.92,Matrix,Wrecking Ball,1269.98,0,0,600,1,3,3,1,0,0,0,3,1,1,0,11,Pixels,(68.33, 94.00, 139.91),Team 2,0,0
[00:02:56] 176.13,Pixels,Baptiste,0,0,0,210,2,0,0,0,0,0,0,0,0,0,0,14,Matrix,(68.90, 94.00, 141.70),Team 1,0,0
[00:02:56] 176.91,0,0
[00:02:56] 176.93,Matrix,Wrecking Ball,1269.98,0,0,600,1,3,3,1,0,0,0,3,1,1,0,11,Pixels,(68.64, 94.42, 140.77),Team 2,0,0
[00:02:57] 177.13,Pixels,Baptiste,0,0,0,210,2,0,0,0,0,0,0,0,0,0,0,14,Matrix,(68.90, 94.00, 141.70),Team 1,0,0
[00:02:57] 177.92,0,0
[00:02:57] 177.93,Matrix,Wrecking Ball,1269.98,0,0,600,1,3,3,1,0,0,0,3,1,1,0,12,Pixels,(68.72, 95.28, 141.34),Team 2,0,0
[00:02:58] 178.14,Pixels,Baptiste,0,0,0,210,2,0,0,0,0,0,0,0,0,0,0,14,Matrix,(68.90, 94.00, 141.71),Team 1,0,0
[00:02:58] 178.93,0,0
[00:02:58] 178.94,Matrix,Wrecking Ball,1269.98,0,0,600,1,3,3,1,0,0,0,3,1,1,0,12,Pixels,(68.69, 95.91, 141.43),Team 2,0,0
[00:02:59] 179.15,Pixels,Baptiste,0,0,0,210,2,0,0,0,0,0,0,0,0,0,0,14,Matrix,(70.19, 94.00, 142.60),Team 1,0,0
[00:02:59] 179.93,0,0
[00:02:59] 179.95,Matrix,Wrecking Ball,1269.98,0,0,600,1,3,3,1,0,0,0,3,1,1,0,12,Pixels,(68.64, 94.00, 141.37),Team 2,0,0
[00:03:00] 180.16,Pixels,Baptiste,0,0,0,210,2,0,0,0,0,0,0,0,0,0,0,14,Matrix,(65.96, 93.99, 143.52),Team 1,0,0
[00:03:00] 180.94,0,0
[00:03:00] 180.96,Matrix,Wrecking Ball,1269.98,0,0,600,1,3,3,1,0,0,0,3,1,1,0,12,Pixels,(65.00, 93.99, 143.87),Team 2,0,0
[00:03:01] 181.17,Pixels,Baptiste,0,0,0,210,2,0,0,0,0,0,0,0,0,0,0,15,Matrix,(60.99, 93.99, 143.90),Team 1,0,0
[00:03:01] 181.95,0,0
[00:03:01] 181.97,Matrix,Wrecking Ball,1269.98,0,0,600,1,3,3,1,0,0,0,3,1,1,0,13,Pixels,(59.73, 93.99, 143.81),Team 2,0,0
[00:03:02] 182.18,Pixels,Baptiste,0,0,0,210,2,0,0,0,0,0,0,0,0,0,0,15,Matrix,(57.90, 93.99, 145.13),Team 1,0,0
[00:03:02] 182.96,0,0
[00:03:02] 182.98,Matrix,Wrecking Ball,1269.98,0,0,600,1,3,3,1,0,0,0,3,1,1,0,13,Pixels,(58.43, 94.39, 144.65),Team 2,0,0
[00:03:03] 183.18,Pixels,Baptiste,0,0,0,210,2,0,0,0,0,0,0,0,0,0,0,15,Matrix,(57.57, 93.99, 145.28),Team 1,0,0
[00:03:03] 183.97,0,0
[00:03:03] 183.98,Matrix,Wrecking Ball,1269.98,0,0,600,1,3,3,1,0,0,0,3,1,1,0,13,Pixels,(57.74, 95.22, 144.82),Team 2,0,0
[00:03:04] 184.19,Pixels,Baptiste,0,0,0,210,2,0,0,0,0,0,0,0,0,0,0,15,Matrix,(57.57, 93.99, 145.28),Team 1,0,0
[00:03:04] 184.98,0,0
[00:03:04] 184.99,Matrix,Wrecking Ball,1269.98,0,0,600,1,3,3,1,0,0,0,3,1,1,0,14,Pixels,(57.65, 93.87, 144.72),Team 2,0,0
[00:03:05] 185.20,Pixels,Baptiste,0,0,0,210,2,0,0,0,0,0,0,0,0,0,0,15,Matrix,(56.22, 93.99, 148.72),Team 1,0,0
[00:03:05] 185.98,0,0
[00:03:06] 186.00,Matrix,Wrecking Ball,1269.98,0,0,600,1,3,3,1,0,0,0,3,1,1,0,14,Pixels,(56.77, 94.86, 146.61),Team 2,0,0
[00:03:06] 186.21,Pixels,Baptiste,0,0,0,210,2,0,0,0,0,0,0,0,0,0,0,16,Matrix,(55.66, 93.99, 148.45),Team 1,0,0
[00:03:06] 186.99,0,0
[00:03:07] 187.01,Matrix,Wrecking Ball,1269.98,0,0,600,1,3,3,1,0,0,0,3,1,1,0,14,Pixels,(56.07, 95.25, 148.28),Team 2,0,0
[00:03:07] 187.21,Pixels,Baptiste,0,0,0,210,2,0,0,0,0,0,0,0,0,0,0,16,Matrix,(56.13, 93.99, 147.80),Team 1,0,0
[00:03:08] 188.00,0,0
[00:03:08] 188.01,Matrix,Wrecking Ball,1269.98,0,0,600,1,3,3,1,0,0,0,3,1,1,0,15,Pixels,(54.92, 93.99, 147.83),Team 2,0,0
[00:03:08] 188.22,Pixels,Baptiste,0,0,0,210,2,0,0,0,0,0,0,0,0,0,0,16,Matrix,(58.32, 95.78, 148.27),Team 1,0,0
[00:03:09] 189.01,0,0
[00:03:09] 189.02,Matrix,Wrecking Ball,1269.98,0,0,600,1,3,3,1,0,0,0,3,1,1,0,15,Pixels,(54.92, 93.99, 147.83),Team 2,0.23,0
[00:03:09] 189.23,Pixels,Baptiste,0,0,0,210,2,0,0,0,0,0,0,0,0,0,0,16,Matrix,(56.00, 93.99, 148.32),Team 1,0,0
[00:03:10] 190.01,0,0
[00:03:10] 190.03,Matrix,Wrecking Ball,1269.98,0,0,600,1,3,3,1,0,0,0,3,1,1,0,16,Pixels,(57.23, 94.02, 148.62),Team 2,0,0
[00:03:10] 190.24,Pixels,Baptiste,0,0,0,210,2,0,0,0,0,0,0,0,0,0,0,17,Matrix,(56.37, 93.91, 147.97),Team 1,0,0
[00:03:11] 191.02,0,0
[00:03:11] 191.04,Matrix,Wrecking Ball,1269.98,0,0,600,1,3,3,1,0,0,0,3,1,1,0,16,Pixels,(56.48, 95.11, 147.48),Team 2,0,0
[00:03:11] 191.25,Pixels,Baptiste,0,0,0,210,2,0,0,0,0,0,0,0,0,0,0,17,Matrix,(56.58, 93.99, 148.01),Team 1,0,0
[00:03:12] 192.03,0,0
[00:03:12] 192.05,Matrix,Wrecking Ball,1269.98,0,0,600,1,3,3,1,0,0,0,3,1,1,0,16,Pixels,(56.48, 96.28, 147.84),Team 2,0,0
[00:03:12] 192.26,Pixels,Baptiste,0,0,0,210,2,0,0,0,0,0,0,0,0,0,0,17,Matrix,(57.01, 93.99, 148.69),Team 1,0,0
[00:03:13] 193.04,0,0
[00:03:13] 193.05,Matrix,Wrecking Ball,1269.98,0,0,600,1,3,3,1,0,0,0,3,1,1,0,17,Pixels,(56.31, 94.25, 147.58),Team 2,0,0
[00:03:13] 193.26,Pixels,Baptiste,0,0,0,210,2,0,0,0,0,0,0,0,0,0,0,17,Matrix,(57.16, 94.02, 149.11),Team 1,0,0
[00:03:14] 194.05,0,0
[00:03:14] 194.06,Matrix,Wrecking Ball,1269.98,0,0,600,1,3,3,1,0,0,0,3,1,1,0,17,Pixels,(57.37, 94.86, 148.36),Team 2,0,0
[00:03:14] 194.27,Pixels,Baptiste,0,0,0,210,2,0,0,0,0,0,0,0,0,0,0,17,Matrix,(57.36, 94.02, 148.99),Team 1,0,0
[00:03:15] 195.05,0,0
[00:03:15] 195.07,Matrix,Wrecking Ball,1269.98,0,0,600,1,3,3,1,0,0,0,3,1,1,0,17,Pixels,(57.33, 95.29, 148.75),Team 2,0,0
[00:03:15] 195.28,Pixels,Baptiste,0,0,0,210,2,0,0,0,0,0,0,0,0,0,0,18,Matrix,(57.37, 94.02, 148.56),Team 1,0,0
[00:03:16] 196.06,0,0
[00:03:16] 196.08,Matrix,Wrecking Ball,1269.98,0,0,600,1,3,3,1,0,0,0,3,1,1,0,18,Pixels,(57.27, 95.48, 148.44),Team 2,0,0
[00:03:16] 196.29,Pixels,Baptiste,0,0,0,210,2,0,0,0,0,0,0,0,0,0,0,18,Matrix,(57.76, 94.02, 149.04),Team 1,0,0
[00:03:17] 197.07,0,0
[00:03:17] 197.09,Matrix,Wrecking Ball,1304.98,0,0,600,1,3,3,1,0,0,0,3,1,1,0,20,Pixels,(57.27, 95.29, 148.44),Team 2,0,0
[00:03:17] 197.29,Pixels,Baptiste,0,0,0,245,2,0,0,0,0,0,0,0,0,0,0,18,Matrix,(57.62, 94.23, 149.09),Team 1,0,0
[00:03:18] 198.08,0,0
[00:03:18] 198.10,Matrix,Wrecking Ball,1304.98,0,0,600,1,3,3,1,0,0,0,3,1,1,0,21,Pixels,(57.13, 95.30, 148.10),Team 2,0,0
[00:03:18] 198.30,Pixels,Baptiste,0,0,0,245,2,0,0,0,0,0,0,0,0,0,0,18,Matrix,(57.41, 94.02, 148.46),Team 1,0,0
[00:03:19] 199.09,0,0
[00:03:19] 199.10,Matrix,Wrecking Ball,1304.98,0,0,600,1,3,3,1,0,0,0,3,1,1,0,22,Pixels,(55.68, 94.40, 145.23),Team 2,0,0
[00:03:19] 199.31,Pixels,Baptiste,0,0,0,245,2,0,0,0,0,0,0,0,0,0,0,19,Matrix,(57.97, 94.02, 149.41),Team 1,0,0
[00:03:20] 200.10,0,0
[00:03:20] 200.11,Matrix,Wrecking Ball,1389.98,0,0,600,1,3,3,1,0,0,0,3,1,1,0,27,Pixels,(55.68, 94.40, 145.23),Team 2,0,0
[00:03:20] 200.32,Pixels,Baptiste,0,0,0,345,2,0,0,0,0,0,0,0,0,0,0,19,Matrix,(57.27, 94.02, 149.80),Team 1,0,0
[00:03:21] 201.10,0,0
[00:03:21] 201.12,Matrix,Wrecking Ball,1404.98,0,0,600,1,3,3,1,0,0,0,3,1,1,0,28,Pixels,(62.37, 93.99, 142.74),Team 2,0,0
[00:03:21] 201.33,Pixels,Baptiste,0,0,0,345,2,0,0,0,0,0,0,0,0,0,0,19,Matrix,(57.34, 103.07, 149.80),Team 1,0,0
[00:03:22] 202.11,0,0
[00:03:22] 202.13,Matrix,Wrecking Ball,1404.98,0,0,600,1,3,3,1,0,0,0,3,1,1,0,28,Pixels,(57.62, 94.02, 152.17),Team 2,0,0
[00:03:22] 202.34,Pixels,Baptiste,0,0,0,345,2,0,0,0,0,0,0,0,0,0,0,19,Matrix,(60.92, 97.81, 150.60),Team 1,0,0
[00:03:23] 203.12,0,0
[00:03:23] 203.13,Matrix,Wrecking Ball,1404.98,0,0,600,1,3,3,1,0,0,0,3,1,1,0,29,Pixels,(64.37, 94.09, 142.91),Team 2,0,0
[00:03:23] 203.34,Pixels,Baptiste,0,0,0,345,2,0,0,0,0,0,0,0,0,0,0,19,Matrix,(64.80, 94.00, 149.94),Team 1,0,0
[00:03:24] 204.13,0,0
[00:03:24] 204.14,Matrix,Wrecking Ball,1454.98,0,0,600,1,3,3,1,0,0,0,3,1,1,0,32,Pixels,(54.88, 93.99, 150.16),Team 2,0,0
[00:03:24] 204.35,Pixels,Baptiste,0,0,0,395,2,0,0,0,0,0,0,0,0,0,0,20,Matrix,(67.04, 94.50, 156.46),Team 1,0,0
[00:03:25] 205.13,0,0
[00:03:25] 205.15,Matrix,Wrecking Ball,1454.98,0,0,600,1,3,3,1,0,0,0,3,1,1,0,33,Pixels,(37.21, 95.00, 149.89),Team 2,0,0
[00:03:25] 205.36,Pixels,Baptiste,0,0,0,395,2,0,0,0,0,0,0,0,0,0,0,20,Matrix,(69.24, 94.50, 152.17),Team 1,0,0
[00:03:26] 206.14,0,0
[00:03:26] 206.16,Matrix,Wrecking Ball,1454.98,0,0,600,1,3,3,1,0,0,0,3,1,1,0,33,Pixels,(21.74, 94.68, 154.00),Team 2,0,0
[00:03:26] 206.37,Pixels,Baptiste,0,0,0,395,2,0,0,0,0,0,0,0,0,0,0,20,Matrix,(70.61, 97.05, 147.10),Team 1,0,0
[00:03:27] 207.15,0,0
[00:03:27] 207.17,Matrix,Wrecking Ball,1454.98,0,0,600,1,3,3,1,0,0,0,3,1,1,0,33,Pixels,(10.77, 94.15, 157.78),Team 2,0,0
[00:03:27] 207.38,Pixels,Baptiste,0,0,0,395,2,0,0,0,0,0,0,0,0,0,0,20,Matrix,(72.77, 96.58, 145.80),Team 1,0,0
[00:03:28] 208.16,0,0
[00:03:28] 208.18,Matrix,Wrecking Ball,1454.98,0,0,600,1,3,3,1,0,0,0,3,1,1,0,34,Pixels,(1.62, 94.15, 160.86),Team 2,0,0
[00:03:28] 208.38,Pixels,Baptiste,0,0,0,395,2,0,0,0,0,0,0,0,0,0,0,20,Matrix,(72.77, 96.58, 145.80),Team 1,0,0
[00:03:29] 209.17,0,0
[00:03:29] 209.18,Matrix,Wrecking Ball,1454.98,0,0,600,1,3,3,1,0,0,0,3,1,1,0,34,Pixels,(-7.47, 94.15, 158.59),Team 2,0,0
[00:03:29] 209.39,Pixels,Moira,0,0,0,395,2,0,0,0,0,0,0,0,0,0,0,0,Matrix,(70.32, 97.04, 145.83),Team 1,0,0
[00:03:30] 210.18,0,0
[00:03:30] 210.19,Matrix,Wrecking Ball,1454.98,0,0,600,1,3,3,1,0,0,0,3,1,1,0,34,Pixels,(-15.66, 94.99, 152.78),Team 2,0,0
[00:03:30] 210.40,Pixels,Moira,0,0,0,395,2,0,0,0,0,0,0,0,0,0,0,0,Matrix,(62.95, 94.00, 145.62),Team 1,0,0
[00:03:31] 211.18,0,0
[00:03:31] 211.20,Matrix,Wrecking Ball,1454.98,0,0,600,1,3,3,1,0,0,0,3,1,1,0,35,Pixels,(-25.34, 94.00, 152.18),Team 2,0,0
[00:03:31] 211.41,Pixels,Moira,0,0,0,395,2,0,0,0,0,0,0,0,0,0,0,0,Matrix,(48.61, 95.28, 148.13),Team 1,5.74,0
[00:03:32] 212.19,0,0
[00:03:32] 212.21,Matrix,Wrecking Ball,1454.98,0,0,600,1,3,3,1,0,0,0,3,1,1,0,35,Pixels,(-38.17, 95.00, 148.57),Team 2,0,0
[00:03:32] 212.41,Pixels,Moira,0,0,0,395,2,0,0,0,0,0,0,0,0,0,0,0,Matrix,(52.70, 94.02, 150.64),Team 1,4.73,0
[00:03:33] 213.20,0,0
[00:03:33] 213.21,Matrix,Wrecking Ball,1454.98,0,0,600,1,3,3,1,0,0,0,3,1,1,0,35,Pixels,(-56.03, 94.40, 145.57),Team 2,0,0
[00:03:33] 213.42,Pixels,Moira,0,0,0,395,2,0,0,0,0,0,0,0,0,0,0,0,Matrix,(57.62, 94.00, 153.22),Team 1,3.72,0
[00:03:34] 214.21,0,0
[00:03:34] 214.22,Matrix,Wrecking Ball,1454.98,0,0,600,1,3,3,1,0,0,0,3,1,1,0,36,Pixels,(-70.11, 96.40, 144.87),Team 2,0,0
[00:03:34] 214.43,Pixels,Moira,0,0,0,395,2,0,0,0,0,0,0,0,0,0,0,1,Matrix,(62.82, 95.46, 153.98),Team 1,2.71,0
[00:03:35] 215.21,0,0
[00:03:35] 215.23,Matrix,Wrecking Ball,1454.98,0,0,600,1,3,3,1,0,0,0,3,1,1,0,36,Pixels,(-73.89, 96.58, 144.63),Team 2,0,0
[00:03:35] 215.44,Pixels,Moira,0,0,0,395,2,0,0,0,0,0,0,0,0,0,0,1,Matrix,(67.34, 94.50, 155.88),Team 1,1.70,0
[00:03:36] 216.22,0,0
[00:03:36] 216.24,Matrix,Wrecking Ball,1454.98,0,0,600,1,3,3,1,0,0,0,3,1,1,0,36,Pixels,(-74.19, 96.57, 144.60),Team 2,0,0
[00:03:36] 216.45,Pixels,Moira,0,0,0,395,2,0,0,0,0,0,0,0,0,0,0,1,Matrix,(65.26, 95.40, 155.40),Team 1,0.70,0
[00:03:37] 217.23,0,0
[00:03:37] 217.25,Matrix,Tracer,1454.98,0,0,600,1,3,3,1,0,0,0,3,1,1,0,0,Pixels,(-55.07, 97.32, 146.25),Team 2,0,0
[00:03:37] 217.46,Pixels,Moira,0,0,0,395,2,0,0,0,0,0,0,0,0,0,0,1,Matrix,(66.67, 94.50, 151.85),Team 1,0,0
[00:03:38] 218.24,0,0
[00:03:38] 218.26,Matrix,Tracer,1454.98,0,0,600,1,3,3,1,0,0,0,3,1,1,0,0,Pixels,(-42.15, 95.34, 147.14),Team 2,0,0
[00:03:38] 218.46,Pixels,Moira,0,0,0,395,2,0,0,0,0,0,0,0,0,0,0,1,Matrix,(69.15, 96.25, 146.95),Team 1,0,0
[00:03:39] 219.25,0,0
[00:03:39] 219.26,Matrix,Tracer,1454.98,0,0,600,1,3,3,1,0,0,0,3,1,1,0,0,Pixels,(-36.49, 95.97, 148.75),Team 2,0,0
[00:03:39] 219.47,Pixels,Moira,0,0,0,395,2,0,0,0,0,0,0,0,0,0,0,2,Matrix,(72.62, 96.58, 145.34),Team 1,0,0
[00:03:40] 220.26,0,0
[00:03:40] 220.27,Matrix,Tracer,1454.98,0,0,600,1,3,3,1,0,0,0,3,1,1,0,1,Pixels,(-30.66, 95.07, 147.99),Team 2,0,0
[00:03:40] 220.48,Pixels,Baptiste,0,0,0,395,2,0,0,0,0,0,0,0,0,0,0,0,Matrix,(72.62, 96.58, 145.34),Team 1,0,0
[00:03:41] 221.26,0,0
[00:03:41] 221.28,Matrix,Tracer,1454.98,0,0,600,1,3,3,1,0,0,0,3,1,1,0,1,Pixels,(-24.78, 94.00, 147.68),Team 2,0,0
[00:03:41] 221.49,Pixels,Baptiste,0,0,0,395,2,0,0,0,0,0,0,0,0,0,0,0,Matrix,(68.54, 95.62, 144.25),Team 1,0,0
[00:03:42] 222.27,0,0
[00:03:42] 222.29,Matrix,Tracer,1454.98,0,0,600,1,3,3,1,0,0,0,3,1,1,0,2,Pixels,(-13.48, 94.71, 153.42),Team 2,0,0
[00:03:42] 222.49,Pixels,Baptiste,0,0,0,395,2,0,0,0,0,0,0,0,0,0,0,0,Matrix,(63.53, 93.99, 144.64),Team 1,0,0
[00:03:43] 223.28,0,0
[00:03:43] 223.29,Matrix,Tracer,1454.98,0,0,600,1,3,3,1,0,0,0,3,1,1,0,2,Pixels,(-9.20, 95.07, 157.38),Team 2,0,0
[00:03:43] 223.50,Pixels,Baptiste,0,0,0,395,2,0,0,0,0,0,0,0,0,0,0,0,Matrix,(58.08, 93.99, 145.54),Team 1,0,0
[00:03:44] 224.29,0,0
[00:03:44] 224.30,Matrix,Tracer,1454.98,0,0,600,1,3,3,1,0,0,0,3,1,1,0,3,Pixels,(-4.83, 94.14, 161.48),Team 2,0,0
[00:03:44] 224.51,Pixels,Baptiste,0,0,0,395,2,0,0,0,0,0,0,0,0,0,0,0,Matrix,(52.67, 94.40, 146.64),Team 1,0,0
[00:03:45] 225.29,0,0
[00:03:45] 225.31,Matrix,Tracer,1454.98,0,0,600,1,3,3,1,0,0,0,3,1,1,0,3,Pixels,(1.01, 94.91, 162.88),Team 2,0,0
[00:03:45] 225.52,Pixels,Baptiste,0,0,0,395,2,0,0,0,0,0,0,0,0,0,0,1,Matrix,(47.26, 95.45, 147.75),Team 1,0,0
[00:03:46] 226.30,0,0
[00:03:46] 226.32,Matrix,Tracer,1454.98,0,0,600,1,3,3,1,0,0,0,3,1,1,0,3,Pixels,(6.55, 95.04, 160.53),Team 2,0,0
[00:03:46] 226.53,Pixels,Baptiste,0,0,0,395,2,0,0,0,0,0,0,0,0,0,0,1,Matrix,(41.85, 95.90, 148.86),Team 1,0,0
[00:03:47] 227.31,0,0
[00:03:47] 227.33,Matrix,Tracer,1454.98,0,0,600,1,3,3,1,0,0,0,3,1,1,0,4,Pixels,(11.24, 94.15, 157.28),Team 2,0,0
[00:03:47] 227.54,Pixels,Baptiste,0,0,0,395,2,0,0,0,0,0,0,0,0,0,0,1,Matrix,(36.44, 95.00, 150.00),Team 1,0,0
[00:03:48] 228.32,0,0
[00:03:48] 228.34,Matrix,Tracer,1454.98,0,0,600,1,3,3,1,0,0,0,3,1,1,0,4,Pixels,(24.08, 94.77, 153.29),Team 2,0,0
[00:03:48] 228.54,Pixels,Baptiste,0,0,0,395,2,0,0,0,0,0,0,0,0,0,0,1,Matrix,(32.05, 94.00, 152.38),Team 1,0,0
[00:03:49] 229.33,0,0
[00:03:49] 229.34,Matrix,Tracer,1454.98,0,0,600,1,3,3,1,0,0,0,3,1,1,0,5,Pixels,(29.25, 94.00, 152.66),Team 2,0,0
[00:03:49] 229.55,Pixels,Baptiste,0,0,0,395,2,0,0,0,0,0,0,0,0,0,0,1,Matrix,(28.91, 94.00, 156.25),Team 1,0,0
[00:03:50] 230.34,0,0
[00:03:50] 230.35,Matrix,Tracer,1454.98,0,0,600,1,3,3,1,0,0,0,3,1,1,0,5,Pixels,(27.59, 94.61, 155.89),Team 2,0,0
[00:03:50] 230.56,Pixels,Baptiste,0,0,0,395,2,0,0,0,0,0,0,0,0,0,0,2,Matrix,(25.13, 94.63, 159.58),Team 1,0,0
[00:03:51] 231.34,0,0
[00:03:51] 231.36,Matrix,Tracer,1454.98,0,0,600,1,3,3,1,0,0,0,3,1,1,0,5,Pixels,(25.44, 94.98, 158.02),Team 2,0,0
[00:03:51] 231.57,Pixels,Baptiste,0,0,0,395,2,0,0,0,0,0,0,0,0,0,0,2,Matrix,(24.53, 94.00, 159.57),Team 1,0,0
[00:03:52] 232.35,0,0
[00:03:52] 232.37,Matrix,Tracer,1454.98,0,0,600,1,3,3,1,0,0,0,3,1,1,0,6,Pixels,(25.13, 95.96, 158.20),Team 2,0,0
[00:03:52] 232.57,Pixels,Baptiste,0,0,0,395,2,0,0,0,0,0,0,0,0,0,0,2,Matrix,(24.11, 94.00, 159.21),Team 1,0,0
[00:03:53] 233.36,0,0
[00:03:53] 233.38,Matrix,Tracer,1454.98,0,0,600,1,3,3,1,0,0,0,3,1,1,0,6,Pixels,(24.57, 94.97, 158.64),Team 2,0,0
[00:03:53] 233.58,Pixels,Baptiste,0,0,0,395,2,0,0,0,0,0,0,0,0,0,0,2,Matrix,(24.11, 94.00, 159.21),Team 1,0,0
[00:03:54] 234.37,0,0
[00:03:54] 234.38,Matrix,Tracer,1454.98,0,0,600,1,3,3,1,0,0,0,3,1,1,0,7,Pixels,(24.39, 95.20, 158.77),Team 2,0,0
[00:03:54] 234.59,Pixels,Baptiste,0,0,0,395,2,0,0,0,0,0,0,0,0,0,0,3,Matrix,(24.25, 94.00, 159.20),Team 1,0,0
[00:03:55] 235.38,0,0
[00:03:55] 235.39,Matrix,Tracer,1454.98,0,0,600,1,3,3,1,0,0,0,3,1,1,0,7,Pixels,(24.39, 95.26, 158.77),Team 2,0,0
[00:03:55] 235.60,Pixels,Baptiste,0,0,0,395,2,0,0,0,0,0,0,0,0,0,0,3,Matrix,(24.33, 94.00, 158.78),Team 1,0,0
[00:03:56] 236.38,0,0
[00:03:56] 236.40,Matrix,Tracer,1454.98,0,0,600,1,3,3,1,0,0,0,3,1,1,0,7,Pixels,(24.39, 95.82, 158.77),Team 2,0,0
[00:03:56] 236.61,Pixels,Baptiste,0,0,0,395,2,0,0,0,0,0,0,0,0,0,0,3,Matrix,(23.82, 94.00, 158.66),Team 1,0,0
[00:03:57] 237.39,0,0
[00:03:57] 237.41,Matrix,Tracer,1454.98,0,0,600,1,3,3,1,0,0,0,3,1,1,0,8,Pixels,(24.39, 95.13, 158.77),Team 2,0,0
[00:03:57] 237.62,Pixels,Baptiste,0,0,0,395,2,0,0,0,0,0,0,0,0,0,0,3,Matrix,(23.82, 94.00, 158.66),Team 1,0,0
[00:03:58] 238.40,0,0
[00:03:58] 238.41,Matrix,Tracer,1454.98,0,0,600,1,3,3,1,0,0,0,3,1,1,0,8,Pixels,(24.46, 94.00, 159.04),Team 2,0,0
[00:03:58] 238.62,Pixels,Baptiste,0,0,0,395,2,0,0,0,0,0,0,0,0,0,0,3,Matrix,(23.52, 98.00, 158.64),Team 1,0,0
[00:03:59] 239.41,0,0
[00:03:59] 239.42,Matrix,Tracer,1454.98,0,0,600,1,3,3,1,0,0,0,3,1,1,0,9,Pixels,(24.53, 94.99, 158.03),Team 2,0,0
[00:03:59] 239.63,Pixels,Baptiste,0,0,0,395,2,0,0,0,0,0,0,0,0,0,0,4,Matrix,(23.11, 100.55, 156.67),Team 1,0,0
[00:04:00] 240.41,0,0
[00:04:00] 240.43,Matrix,Tracer,1454.98,0,0,600,1,3,3,1,0,0,0,3,1,1,0,9,Pixels,(23.86, 94.50, 154.64),Team 2,0,0
[00:04:00] 240.64,Pixels,Baptiste,0,0,0,395,2,0,0,0,0,0,0,0,0,0,0,4,Matrix,(23.43, 94.50, 156.74),Team 1,0,0
[00:04:01] 241.42,0,0
[00:04:01] 241.44,Matrix,Tracer,1454.98,0,0,600,1,3,3,1,0,0,0,3,1,1,0,9,Pixels,(23.50, 95.31, 155.99),Team 2,0,0
[00:04:01] 241.65,Pixels,Baptiste,0,0,0,395,2,0,0,0,0,0,0,0,0,0,0,4,Matrix,(23.43, 94.50, 156.74),Team 1,0,0
[00:04:02] 242.43,0,0
[00:04:02] 242.45,Matrix,Tracer,1454.98,0,0,600,1,3,3,1,0,0,0,3,1,1,0,10,Pixels,(23.47, 96.24, 156.33),Team 2,0,0
[00:04:02] 242.65,Pixels,Baptiste,0,0,0,395,2,0,0,0,0,0,0,0,0,0,0,4,Matrix,(23.43, 94.50, 156.80),Team 1,0,0
[00:04:03] 243.44,0,0
[00:04:03] 243.46,Matrix,Tracer,1454.98,0,0,600,1,3,3,1,0,0,0,3,1,1,0,10,Pixels,(23.47, 94.43, 156.33),Team 2,0,0
[00:04:03] 243.66,Pixels,Baptiste,0,0,0,395,2,0,0,0,0,0,0,0,0,0,0,4,Matrix,(22.76, 95.06, 160.37),Team 1,0,0
[00:04:04] 244.45,0,0
[00:04:04] 244.46,Matrix,Tracer,1454.98,0,0,600,1,3,3,1,0,0,0,3,1,1,0,11,Pixels,(23.47, 94.50, 156.33),Team 2,0,0
[00:04:04] 244.67,Pixels,Baptiste,0,0,0,395,2,0,0,0,0,0,0,0,0,0,0,5,Matrix,(23.56, 94.00, 159.64),Team 1,0,0
[00:04:05] 245.46,0,0
[00:04:05] 245.47,Matrix,Tracer,1454.98,0,0,600,1,3,3,1,0,0,0,3,1,1,0,11,Pixels,(23.47, 94.50, 156.33),Team 2,0,0
[00:04:05] 245.68,Pixels,Baptiste,0,0,0,395,2,0,0,0,0,0,0,0,0,0,0,5,Matrix,(23.63, 94.00, 158.32),Team 1,0,0
[00:04:06] 246.46,0,0
[00:04:06] 246.48,Matrix,Tracer,1454.98,0,0,600,1,3,3,1,0,0,0,3,1,1,0,11,Pixels,(23.45, 94.50, 156.06),Team 2,0,0
[00:04:06] 246.69,Pixels,Baptiste,0,0,0,395,2,0,0,0,0,0,0,0,0,0,0,5,Matrix,(23.64, 94.00, 158.33),Team 1,0,0
[00:04:07] 247.47,0,0
[00:04:07] 247.49,Matrix,Tracer,1454.98,0,0,600,1,3,3,1,0,0,0,3,1,1,0,12,Pixels,(23.54, 95.27, 158.18),Team 2,0,0
[00:04:07] 247.70,Pixels,Baptiste,0,0,0,395,2,0,0,0,0,0,0,0,0,0,0,5,Matrix,(23.64, 94.00, 158.33),Team 1,0,0
[00:04:08] 248.48,0,0
[00:04:08] 248.49,Matrix,Tracer,1454.98,0,0,600,1,3,3,1,0,0,0,3,1,1,0,12,Pixels,(23.55, 95.29, 157.99),Team 2,0,0
[00:04:08] 248.70,Pixels,Baptiste,0,0,0,395,2,0,0,0,0,0,0,0,0,0,0,6,Matrix,(23.64, 94.00, 158.33),Team 1,0,0
[00:04:09] 249.49,0,0
[00:04:09] 249.50,Matrix,Tracer,1454.98,0,0,600,1,3,3,1,0,0,0,3,1,1,0,13,Pixels,(23.55, 95.29, 157.99),Team 2,0,0
[00:04:09] 249.71,Pixels,Baptiste,0,0,0,395,2,0,0,0,0,0,0,0,0,0,0,6,Matrix,(23.64, 94.00, 158.33),Team 1,0,0
[00:04:10] 250.49,0,0
[00:04:10] 250.51,Matrix,Tracer,1454.98,0,0,600,1,3,3,1,0,0,0,3,1,1,0,13,Pixels,(23.55, 95.95, 157.99),Team 2,0,0
[00:04:10] 250.72,Pixels,Baptiste,0,0,0,395,2,0,0,0,0,0,0,0,0,0,0,6,Matrix,(23.64, 94.00, 158.33),Team 1,0,0
[00:04:11] 251.50,0,0
[00:04:11] 251.52,Matrix,Tracer,1454.98,0,0,600,1,3,3,1,0,0,0,3,1,1,0,13,Pixels,(23.55, 95.48, 157.99),Team 2,0,0
[00:04:11] 251.73,Pixels,Baptiste,0,0,0,395,2,0,0,0,0,0,0,0,0,0,0,6,Matrix,(24.05, 94.05, 155.76),Team 1,0,0
[00:04:12] 252.51,0,0
[00:04:12] 252.53,Matrix,Tracer,1454.98,0,0,600,1,3,3,1,0,0,0,3,1,1,0,14,Pixels,(24.24, 94.00, 156.95),Team 2,0,0
[00:04:12] 252.74,Pixels,Baptiste,0,0,0,395,2,0,0,0,0,0,0,0,0,0,0,6,Matrix,(21.00, 99.12, 154.73),Team 1,0,0
[00:04:13] 253.52,0,0
[00:04:13] 253.54,Matrix,Tracer,1454.98,0,0,600,1,3,3,1,0,0,0,3,1,1,0,14,Pixels,(21.74, 94.50, 155.12),Team 2,0,0
[00:04:13] 253.74,Pixels,Baptiste,0,0,0,395,2,0,0,0,0,0,0,0,0,0,0,7,Matrix,(15.69, 102.86, 153.17),Team 1,0,0
[00:04:14] 254.53,0,0
[00:04:14] 254.54,Matrix,Tracer,1454.98,0,0,600,1,3,3,1,0,0,0,3,1,1,0,15,Pixels,(1.75, 94.11, 160.72),Team 2,0,0
[00:04:14] 254.75,Pixels,Baptiste,0,0,0,395,2,0,0,0,0,0,0,0,0,0,0,7,Matrix,(12.73, 94.15, 149.67),Team 1,0,0
[00:04:15] 255.54,0,0
[00:04:15] 255.55,Matrix,Tracer,1454.98,0,0,600,1,3,3,1,0,0,0,3,1,1,0,15,Pixels,(-1.94, 94.00, 156.65),Team 2,0,0
[00:04:15] 255.76,Pixels,Baptiste,0,0,0,395,2,0,0,0,0,0,0,0,0,0,0,7,Matrix,(9.81, 98.63, 149.76),Team 1,0,0
[00:04:16] 256.54,0,0
[00:04:16] 256.56,Matrix,Tracer,1454.98,0,0,600,1,3,3,1,0,0,0,3,1,1,0,15,Pixels,(-4.87, 94.00, 144.27),Team 2,0,0
[00:04:16] 256.77,Pixels,Baptiste,0,0,0,395,2,0,0,0,0,0,0,0,0,0,0,7,Matrix,(9.86, 97.57, 149.74),Team 1,0,0
[00:04:17] 257.55,0,0
[00:04:17] 257.57,Matrix,Tracer,1454.98,0,0,600,1,3,3,1,0,0,0,3,1,1,0,16,Pixels,(-5.01, 94.90, 138.95),Team 2,0,0
[00:04:17] 257.77,Pixels,Baptiste,0,0,0,395,2,0,0,0,0,0,0,0,0,0,0,8,Matrix,(9.86, 97.57, 149.74),Team 1,0,0
[00:04:18] 258.56,0,0
[00:04:18] 258.58,Matrix,Tracer,1454.98,0,0,600,1,3,3,1,0,0,0,3,1,1,0,16,Pixels,(-6.32, 94.14, 133.57),Team 2,0,0
[00:04:18] 258.78,Pixels,Baptiste,0,0,0,395,2,0,0,0,0,0,0,0,0,0,0,8,Matrix,(10.46, 95.48, 146.62),Team 1,0,0
[00:04:19] 259.57,0,0
[00:04:19] 259.58,Matrix,Tracer,1454.98,0,0,600,1,3,3,1,0,0,0,3,1,1,0,17,Pixels,(-9.07, 94.40, 132.62),Team 2,0,0
[00:04:19] 259.79,Pixels,Baptiste,0,0,0,395,2,0,0,0,0,0,0,0,0,0,0,8,Matrix,(7.51, 94.15, 142.58),Team 1,0,0
[00:04:20] 260.58,0,0
[00:04:20] 260.59,Matrix,Tracer,1454.98,0,0,600,1,3,3,1,0,0,0,3,1,1,0,17,Pixels,(-6.70, 94.55, 130.97),Team 2,0,0
[00:04:20] 260.80,Pixels,Baptiste,0,0,0,395,2,0,0,0,0,0,0,0,0,0,0,8,Matrix,(4.87, 94.15, 139.46),Team 1,0,0
[00:04:21] 261.58,0,0
[00:04:21] 261.60,Matrix,Tracer,1454.98,0,0,600,1,3,3,1,0,0,0,3,1,1,0,17,Pixels,(-6.05, 94.15, 132.45),Team 2,0,0
[00:04:21] 261.81,Pixels,Baptiste,0,0,0,395,2,0,0,0,0,0,0,0,0,0,0,8,Matrix,(0.38, 94.15, 136.21),Team 1,0,0
[00:04:22] 262.59,0,0
[00:04:22] 262.61,Matrix,Tracer,1454.98,0,0,600,1,3,3,1,0,0,0,3,1,1,0,18,Pixels,(-8.53, 94.05, 134.90),Team 2,0,0
[00:04:22] 262.82,Pixels,Baptiste,0,0,0,395,2,0,0,0,0,0,0,0,0,0,0,9,Matrix,(-4.38, 94.05, 134.96),Team 1,0,0
[00:04:23] 263.60,0,0
[00:04:23] 263.61,Matrix,Tracer,1454.98,0,0,600,1,3,3,1,0,0,0,3,1,1,0,18,Pixels,(-7.39, 94.05, 134.72),Team 2,0,0
[00:04:23] 263.82,Pixels,Baptiste,0,0,0,395,2,0,0,0,0,0,0,0,0,0,0,9,Matrix,(-6.58, 94.05, 135.30),Team 1,0,0
[00:04:24] 264.61,0,0
[00:04:24] 264.62,Matrix,Tracer,1454.98,0,0,600,1,3,3,1,0,0,0,3,1,1,0,19,Pixels,(-7.18, 94.92, 134.88),Team 2,0,0
[00:04:24] 264.83,Pixels,Baptiste,0,0,0,395,2,0,0,0,0,0,0,0,0,0,0,9,Matrix,(-6.58, 94.05, 135.30),Team 1,0,0
[00:04:25] 265.61,0,0
[00:04:25] 265.63,Matrix,Tracer,1454.98,0,0,600,1,3,3,1,0,0,0,3,1,1,0,19,Pixels,(-6.86, 95.34, 135.03),Team 2,0,0
[00:04:25] 265.84,Pixels,Baptiste,0,0,0,395,2,0,0,0,0,0,0,0,0,0,0,9,Matrix,(-6.58, 94.05, 135.30),Team 1,0,0
[00:04:26] 266.62,0,0
[00:04:26] 266.64,Matrix,Tracer,1454.98,0,0,600,1,3,3,1,0,0,0,3,1,1,0,19,Pixels,(-6.86, 96.09, 135.03),Team 2,0,0
[00:04:26] 266.85,Pixels,Baptiste,0,0,0,395,2,0,0,0,0,0,0,0,0,0,0,9,Matrix,(-6.58, 94.05, 135.30),Team 1,0,0
[00:04:27] 267.63,0,0
[00:04:27] 267.65,Matrix,Tracer,1454.98,0,0,600,1,3,3,1,0,0,0,3,1,1,0,20,Pixels,(-6.86, 96.29, 135.03),Team 2,0,0
[00:04:27] 267.86,Pixels,Baptiste,0,0,0,395,2,0,0,0,0,0,0,0,0,0,0,10,Matrix,(-6.58, 94.05, 135.30),Team 1,0,0
[00:04:28] 268.64,0,0
[00:04:28] 268.65,Matrix,Tracer,1454.98,0,0,600,1,3,3,1,0,0,0,3,1,1,0,20,Pixels,(-6.86, 97.02, 135.03),Team 2,0,0
[00:04:28] 268.86,Pixels,Baptiste,0,0,0,395,2,0,0,0,0,0,0,0,0,0,0,10,Matrix,(-6.58, 94.05, 135.30),Team 1,0,0
[00:04:29] 269.65,0,0
[00:04:29] 269.66,Matrix,Tracer,1454.98,0,0,600,1,3,3,1,0,0,0,3,1,1,0,21,Pixels,(-6.86, 96.12, 135.03),Team 2,0,0
[00:04:29] 269.87,Pixels,Baptiste,0,0,0,395,2,0,0,0,0,0,0,0,0,0,0,10,Matrix,(-6.58, 94.05, 135.30),Team 1,0,0
[00:04:30] 270.65,0,0
[00:04:30] 270.67,Matrix,Tracer,1454.98,0,0,600,1,3,3,1,0,0,0,3,1,1,0,21,Pixels,(-6.86, 96.96, 135.03),Team 2,0,0
[00:04:30] 270.88,Pixels,Baptiste,0,0,0,395,2,0,0,0,0,0,0,0,0,0,0,10,Matrix,(-6.58, 94.05, 135.30),Team 1,0,0
[00:04:31] 271.66,0,0
[00:04:31] 271.68,Matrix,Tracer,1454.98,0,0,600,1,3,3,1,0,0,0,3,1,1,0,21,Pixels,(-6.86, 96.64, 135.03),Team 2,0,0
[00:04:31] 271.89,Pixels,Baptiste,0,0,0,395,2,0,0,0,0,0,0,0,0,0,0,11,Matrix,(-6.58, 94.05, 135.30),Team 1,0,0
[00:04:32] 272.67,0,0
[00:04:32] 272.69,Matrix,Tracer,1454.98,0,0,600,1,3,3,1,0,0,0,3,1,1,0,22,Pixels,(-6.86, 96.75, 135.03),Team 2,0,0
[00:04:32] 272.89,Pixels,Baptiste,0,0,0,395,2,0,0,0,0,0,0,0,0,0,0,11,Matrix,(-6.58, 94.05, 135.30),Team 1,0,0
[00:04:33] 273.68,0,0
[00:04:33] 273.70,Matrix,Tracer,1454.98,0,0,600,1,3,3,1,0,0,0,3,1,1,0,22,Pixels,(-6.86, 96.87, 135.03),Team 2,0,0
[00:04:33] 273.90,Pixels,Baptiste,0,0,0,395,2,0,0,0,0,0,0,0,0,0,0,11,Matrix,(-6.58, 94.05, 135.30),Team 1,0,0
[00:04:34] 274.69,0,0
[00:04:34] 274.70,Matrix,Tracer,1478.98,0,0,600,1,3,3,1,0,0,0,3,1,1,0,24,Pixels,(-6.86, 96.04, 135.03),Team 2,0,0
[00:04:34] 274.91,Pixels,Baptiste,0,0,0,419,2,0,0,0,0,0,0,0,0,0,0,11,Matrix,(-6.58, 94.05, 135.30),Team 1,0,0
[00:04:35] 275.70,0,0
[00:04:35] 275.71,Matrix,Tracer,1502.98,0,0,600,1,3,3,1,0,0,0,3,1,1,0,27,Pixels,(-6.86, 96.70, 135.03),Team 2,0,0
[00:04:35] 275.92,Pixels,Baptiste,0,0,0,443,2,0,0,0,0,0,0,0,0,0,0,11,Matrix,(-6.58, 94.05, 135.30),Team 1,0,0
[00:04:36] 276.70,0,0
[00:04:36] 276.72,Matrix,Tracer,1550.98,0,0,600,1,3,3,1,0,0,0,3,1,1,0,31,Pixels,(-6.86, 96.94, 135.03),Team 2,0,0
[00:04:36] 276.93,Pixels,Baptiste,0,0,0,539,2,0,0,0,0,0,0,0,0,0,0,12,Matrix,(-6.58, 94.05, 135.30),Team 1,0,0
[00:04:37] 277.71,0,0
[00:04:37] 277.73,Matrix,Tracer,1598.98,0,0,600,1,3,3,1,0,0,0,3,1,1,0,35,Pixels,(-6.86, 96.04, 135.03),Team 2,0,0
[00:04:37] 277.93,Pixels,Baptiste,0,0,0,539,2,0,0,0,0,0,0,0,0,0,0,12,Matrix,(-6.58, 94.05, 135.30),Team 1,0,0
[00:04:38] 278.72,0,0
[00:04:38] 278.73,Matrix,Tracer,1598.98,0,0,600,1,3,3,1,0,0,0,3,1,1,0,37,Pixels,(-6.86, 96.04, 135.03),Team 2,0,0
[00:04:38] 278.94,Pixels,Baptiste,0,0,0,563,2,0,0,0,0,0,0,0,0,0,0,12,Matrix,(-6.58, 94.05, 135.30),Team 1,0,0
[00:04:39] 279.73,0,0
[00:04:39] 279.74,Matrix,Tracer,1622.98,0,0,600,1,3,3,1,0,0,0,3,1,1,0,38,Pixels,(-6.86, 96.64, 135.03),Team 2,0,0
[00:04:39] 279.95,Pixels,Baptiste,0,0,0,563,2,0,0,0,0,0,0,0,0,0,0,12,Matrix,(-6.58, 94.05, 135.30),Team 1,0,0
[00:04:40] 280.73,0,0
[00:04:40] 280.75,Matrix,Tracer,1646.98,0,0,600,1,3,3,1,0,0,0,3,1,1,0,40,Pixels,(-6.86, 96.04, 135.03),Team 2,0,0
[00:04:40] 280.96,Pixels,Baptiste,0,0,0,587,2,0,0,0,0,0,0,0,0,0,0,12,Matrix,(-6.58, 94.05, 135.30),Team 1,0,0
[00:04:41] 281.74,0,0
[00:04:41] 281.76,Matrix,Tracer,1646.98,0,0,600,1,3,3,1,0,0,0,3,1,1,0,41,Pixels,(-6.86, 96.51, 135.03),Team 2,0,0
[00:04:41] 281.97,Pixels,Baptiste,0,0,0,587,2,0,0,0,0,0,0,0,0,0,0,13,Matrix,(-6.58, 94.05, 135.30),Team 1,0,0
[00:04:42] 282.75,0,0
[00:04:42] 282.77,Matrix,Tracer,1646.98,0,0,600,1,3,3,1,0,0,0,3,1,1,0,41,Pixels,(-6.86, 96.52, 135.03),Team 2,0,0
[00:04:42] 282.98,Pixels,Baptiste,0,0,0,587,2,0,0,0,0,0,0,0,0,0,0,13,Matrix,(-6.58, 94.05, 135.30),Team 1,0,0
[00:04:43] 283.76,0,0
[00:04:43] 283.77,Matrix,Tracer,1646.98,0,0,600,1,3,3,1,0,0,0,3,1,1,0,41,Pixels,(-6.86, 97.02, 135.03),Team 2,0,0
[00:04:43] 283.98,Pixels,Baptiste,0,0,0,587,2,0,0,0,0,0,0,0,0,0,0,13,Matrix,(-6.58, 94.05, 135.30),Team 1,0,0
[00:04:44] 284.77,0,0
[00:04:44] 284.78,Matrix,Tracer,1646.98,0,0,600,1,3,3,1,0,0,0,3,1,1,0,42,Pixels,(-6.86, 96.51, 135.03),Team 2,0,0
[00:04:44] 284.99,Pixels,Baptiste,0,0,0,587,2,0,0,0,0,0,0,0,0,0,0,13,Matrix,(-6.58, 94.05, 135.30),Team 1,0,0
[00:04:45] 285.77,0,0
[00:04:45] 285.79,Matrix,Tracer,1646.98,0,0,600,1,3,3,1,0,0,0,3,1,1,0,42,Pixels,(-6.86, 96.29, 135.03),Team 2,0,0
[00:04:46] 286.00,Pixels,Baptiste,0,0,0,587,2,0,0,0,0,0,0,0,0,0,0,14,Matrix,(-6.58, 94.05, 135.30),Team 1,0,0
[00:04:46] 286.78,0,0
[00:04:46] 286.80,Matrix,Tracer,1646.98,0,0,600,1,3,3,1,0,0,0,3,1,1,0,43,Pixels,(-6.86, 96.96, 135.03),Team 2,0,0
[00:04:47] 287.01,Pixels,Baptiste,0,0,0,587,2,0,0,0,0,0,0,0,0,0,0,14,Matrix,(-6.58, 94.05, 135.30),Team 1,0,0
[00:04:47] 287.79,0,0
[00:04:47] 287.81,Matrix,Tracer,1646.98,0,0,600,1,3,3,1,0,0,0,3,1,1,0,43,Pixels,(-6.86, 96.74, 135.03),Team 2,0,0
[00:04:48] 288.02,Pixels,Baptiste,0,0,0,587,2,0,0,0,0,0,0,0,0,0,0,14,Matrix,(-6.58, 94.05, 135.30),Team 1,0,0
[00:04:48] 288.80,0,0
[00:04:48] 288.82,Matrix,Tracer,1646.98,0,0,600,1,3,3,1,0,0,0,3,1,1,0,43,Pixels,(-6.86, 96.63, 135.03),Team 2,0,0
[00:04:49] 289.02,Pixels,Baptiste,0,0,0,587,2,0,0,0,0,0,0,0,0,0,0,14,Matrix,(-6.58, 94.05, 135.30),Team 1,0,0
[00:04:49] 289.81,0,0
[00:04:49] 289.82,Matrix,Tracer,1646.98,0,0,600,1,3,3,1,0,0,0,3,1,1,0,44,Pixels,(-6.86, 96.29, 135.03),Team 2,0,0
[00:04:50] 290.03,Pixels,Baptiste,0,0,0,587,2,0,0,0,0,0,0,0,0,0,0,14,Matrix,(-6.58, 94.05, 135.30),Team 1,0,0
[00:04:50] 290.82,0,0
[00:04:50] 290.83,Matrix,Tracer,1646.98,0,0,600,1,3,3,1,0,0,0,3,1,1,0,44,Pixels,(-6.86, 96.52, 135.03),Team 2,0,0
[00:04:51] 291.04,Pixels,Baptiste,0,0,0,587,2,0,0,0,0,0,0,0,0,0,0,15,Matrix,(-6.58, 94.05, 135.30),Team 1,0,0
[00:04:51] 291.82,0,0
[00:04:51] 291.84,Matrix,Tracer,1646.98,0,0,600,1,3,3,1,0,0,0,3,1,1,0,45,Pixels,(-6.86, 97.02, 135.03),Team 2,0,0
[00:04:52] 292.05,Pixels,Baptiste,0,0,0,587,2,0,0,0,0,0,0,0,0,0,0,15,Matrix,(-6.58, 94.05, 135.30),Team 1,0,0
[00:04:52] 292.83,0,0
[00:04:52] 292.85,Matrix,Tracer,1646.98,0,0,600,1,3,3,1,0,0,0,3,1,1,0,45,Pixels,(-6.86, 96.45, 135.03),Team 2,0,0
[00:04:53] 293.05,Pixels,Baptiste,0,0,0,587,2,0,0,0,0,0,0,0,0,0,0,15,Matrix,(-6.58, 94.05, 135.30),Team 1,0,0
[00:04:53] 293.84,0,0
[00:04:53] 293.86,Matrix,Tracer,1646.98,0,0,600,1,3,3,1,0,0,0,3,1,1,0,45,Pixels,(-6.86, 97.01, 135.03),Team 2,0,0
[00:04:54] 294.06,Pixels,Baptiste,0,0,0,587,2,0,0,0,0,0,0,0,0,0,0,15,Matrix,(-6.58, 94.05, 135.30),Team 1,0,0
[00:04:54] 294.85,0,0
[00:04:54] 294.86,Matrix,Tracer,1646.98,0,0,600,1,3,3,1,0,0,0,3,1,1,0,46,Pixels,(-6.86, 96.03, 135.03),Team 2,0,0
[00:04:55] 295.07,Pixels,Baptiste,0,0,0,587,2,0,0,0,0,0,0,0,0,0,0,16,Matrix,(-6.58, 94.05, 135.30),Team 1,0,0
[00:04:55] 295.86,0,0
[00:04:55] 295.87,Matrix,Tracer,1646.98,0,0,600,1,3,3,1,0,0,0,3,1,1,0,46,Pixels,(-6.86, 96.04, 135.03),Team 2,0,0
[00:04:56] 296.08,Pixels,Baptiste,0,0,0,587,2,0,0,0,0,0,0,0,0,0,0,16,Matrix,(-6.58, 94.05, 135.30),Team 1,0,0
[00:04:56] 296.86,0,0
[00:04:56] 296.88,Matrix,Tracer,1646.98,0,0,600,1,3,3,1,0,0,0,3,1,1,0,46,Pixels,(-6.86, 96.64, 135.03),Team 2,0,0
[00:04:57] 297.09,Pixels,Baptiste,0,0,0,587,2,0,0,0,0,0,0,0,0,0,0,16,Matrix,(-6.58, 94.05, 135.30),Team 1,0,0
[00:04:57] 297.87,0,0
[00:04:57] 297.89,Matrix,Tracer,1646.98,0,0,600,1,3,3,1,0,0,0,3,1,1,0,47,Pixels,(-6.86, 96.13, 135.03),Team 2,0,0
[00:04:58] 298.10,Pixels,Baptiste,0,0,0,587,2,0,0,0,0,0,0,0,0,0,0,16,Matrix,(-6.58, 94.05, 135.30),Team 1,0,0
[00:04:58] 298.88,0,0
[00:04:58] 298.89,Matrix,Tracer,1646.98,0,0,600,1,3,3,1,0,0,0,3,1,1,0,47,Pixels,(-6.86, 97.02, 135.03),Team 2,0,0
[00:04:59] 299.10,Pixels,Baptiste,0,0,0,587,2,0,0,0,0,0,0,0,0,0,0,16,Matrix,(-6.58, 94.05, 135.30),Team 1,0,0
[00:04:59] 299.89,0,0
[00:04:59] 299.90,Matrix,Tracer,1646.98,0,0,600,1,3,3,1,0,0,0,3,1,1,0,48,Pixels,(-6.86, 96.44, 135.03),Team 2,0,0
[00:05:00] 300.11,Pixels,Baptiste,0,0,0,587,2,0,0,0,0,0,0,0,0,0,0,17,Matrix,(-6.58, 94.05, 135.30),Team 1,0,0
[00:05:00] 300.89,0,0
[00:05:00] 300.91,Matrix,Tracer,1646.98,0,0,600,1,3,3,1,0,0,0,3,1,1,0,48,Pixels,(-6.86, 96.64, 135.03),Team 2,0,0
[00:05:01] 301.12,Pixels,Baptiste,0,0,0,587,2,0,0,0,0,0,0,0,0,0,0,17,Matrix,(-6.58, 94.05, 135.30),Team 1,0,0
[00:05:01] 301.90,0,0
[00:05:01] 301.92,Matrix,Tracer,1646.98,0,0,600,1,3,3,1,0,0,0,3,1,1,0,48,Pixels,(-6.86, 96.04, 135.03),Team 2,0,0
[00:05:02] 302.13,Pixels,Baptiste,0,0,0,587,2,0,0,0,0,0,0,0,0,0,0,17,Matrix,(-6.58, 94.05, 135.30),Team 1,0,0
[00:05:02] 302.91,0,0
[00:05:02] 302.93,Matrix,Tracer,1646.98,0,0,600,1,3,3,1,0,0,0,3,1,1,0,49,Pixels,(-6.86, 96.04, 135.03),Team 2,0,0
[00:05:03] 303.14,Pixels,Baptiste,0,0,0,587,2,0,0,0,0,0,0,0,0,0,0,17,Matrix,(-6.58, 94.05, 135.30),Team 1,0,0
[00:05:03] 303.92,0,0
[00:05:03] 303.93,Matrix,Tracer,1646.98,0,0,600,1,3,3,1,0,0,0,3,1,1,0,49,Pixels,(-6.86, 96.04, 135.03),Team 2,0,0
[00:05:04] 304.14,Pixels,Baptiste,0,0,0,587,2,0,0,0,0,0,0,0,0,0,0,17,Matrix,(-6.58, 94.05, 135.30),Team 1,0,0
[00:05:04] 304.93,0,0
[00:05:04] 304.94,Matrix,Tracer,1646.98,0,0,600,1,3,3,1,0,0,0,3,1,1,0,50,Pixels,(-6.86, 96.04, 135.03),Team 2,0,0
[00:05:05] 305.15,Pixels,Baptiste,0,0,0,587,2,0,0,0,0,0,0,0,0,0,0,18,Matrix,(-6.58, 94.05, 135.30),Team 1,0,0
[00:05:05] 305.93,0,0
[00:05:05] 305.95,Matrix,Tracer,1646.98,0,0,600,1,3,3,1,0,0,0,3,1,1,0,50,Pixels,(-6.86, 96.04, 135.03),Team 2,0,0
[00:05:06] 306.16,Pixels,Baptiste,0,0,0,587,2,0,0,0,0,0,0,0,0,0,0,18,Matrix,(-6.58, 94.05, 135.30),Team 1,0,0
[00:05:06] 306.94,0,0
[00:05:06] 306.96,Matrix,Tracer,1646.98,0,0,600,1,3,3,1,0,0,0,3,1,1,0,50,Pixels,(-6.86, 96.04, 135.03),Team 2,0,0
[00:05:07] 307.17,Pixels,Baptiste,0,0,0,587,2,0,0,0,0,0,0,0,0,0,0,18,Matrix,(-6.58, 94.05, 135.30),Team 1,0,0
[00:05:07] 307.95,0,0
[00:05:07] 307.97,Matrix,Tracer,1646.98,0,0,600,1,3,3,1,0,0,0,3,1,1,0,51,Pixels,(-6.86, 96.04, 135.03),Team 2,0,0
[00:05:08] 308.17,Pixels,Baptiste,0,0,0,587,2,0,0,0,0,0,0,0,0,0,0,18,Matrix,(-6.58, 94.05, 135.30),Team 1,0,0
[00:05:08] 308.96,0,0
[00:05:08] 308.98,Matrix,Tracer,1646.98,0,0,600,1,3,3,1,0,0,0,3,1,1,0,51,Pixels,(-6.86, 96.04, 135.03),Team 2,0,0
[00:05:09] 309.18,Pixels,Baptiste,0,0,0,587,2,0,0,0,0,0,0,0,0,0,0,19,Matrix,(-6.58, 94.05, 135.30),Team 1,0,0
[00:05:09] 309.97,0,0
[00:05:09] 309.98,Matrix,Tracer,1646.98,0,0,600,1,3,3,1,0,0,0,3,1,1,0,52,Pixels,(-6.86, 96.04, 135.03),Team 2,0,0
[00:05:10] 310.19,Pixels,Baptiste,0,0,0,587,2,0,0,0,0,0,0,0,0,0,0,19,Matrix,(-6.58, 94.05, 135.30),Team 1,0,0
[00:05:10] 310.98,0,0
[00:05:10] 310.99,Matrix,Tracer,1646.98,0,0,600,1,3,3,1,0,0,0,3,1,1,0,52,Pixels,(-6.86, 96.12, 135.03),Team 2,0,0
[00:05:11] 311.20,Pixels,Baptiste,0,0,0,587,2,0,0,0,0,0,0,0,0,0,0,19,Matrix,(-6.58, 94.05, 135.30),Team 1,0,0
[00:05:11] 311.98,0,0
[00:05:12] 312.00,Matrix,Tracer,1646.98,0,0,600,1,3,3,1,0,0,0,3,1,1,0,52,Pixels,(-6.86, 96.30, 135.03),Team 2,0,0
[00:05:12] 312.21,Pixels,Baptiste,0,0,0,587,2,0,0,0,0,0,0,0,0,0,0,19,Matrix,(-6.58, 94.05, 135.30),Team 1,0,0
[00:05:12] 312.99,0,0
[00:05:13] 313.01,Matrix,Tracer,1646.98,0,0,600,1,3,3,1,0,0,0,3,1,1,0,53,Pixels,(-6.86, 96.98, 135.03),Team 2,0,0
[00:05:13] 313.21,Pixels,Baptiste,0,0,0,587,2,0,0,0,0,0,0,0,0,0,0,19,Matrix,(-6.58, 94.05, 135.30),Team 1,0,0
[00:05:14] 314.00,0,0
[00:05:14] 314.02,Matrix,Tracer,1646.98,0,0,600,1,3,3,1,0,0,0,3,1,1,0,53,Pixels,(-6.86, 96.58, 135.03),Team 2,0,0
[00:05:14] 314.22,Pixels,Baptiste,0,0,0,587,2,0,0,0,0,0,0,0,0,0,0,20,Matrix,(-6.58, 94.05, 135.30),Team 1,0,0
[00:05:15] 315.01,0,0
[00:05:15] 315.02,Matrix,Tracer,1646.98,0,0,600,1,3,3,1,0,0,0,3,1,1,0,54,Pixels,(-6.86, 96.45, 135.03),Team 2,0,0
[00:05:15] 315.23,Pixels,Baptiste,0,0,0,587,2,0,0,0,0,0,0,0,0,0,0,20,Matrix,(-6.58, 94.05, 135.30),Team 1,0,0
[00:05:16] 316.02,0,0
[00:05:16] 316.03,Matrix,Tracer,1646.98,0,0,600,1,3,3,1,0,0,0,3,1,1,0,54,Pixels,(-6.86, 97.02, 135.03),Team 2,0,0
[00:05:16] 316.24,Pixels,Baptiste,0,0,0,587,2,0,0,0,0,0,0,0,0,0,0,20,Matrix,(-6.58, 94.05, 135.30),Team 1,0,0
[00:05:17] 317.02,0,0
[00:05:17] 317.04,Matrix,Tracer,1646.98,0,0,600,1,3,3,1,0,0,0,3,1,1,0,54,Pixels,(-6.86, 96.20, 135.03),Team 2,0,0
[00:05:17] 317.25,Pixels,Baptiste,0,0,0,587,2,0,0,0,0,0,0,0,0,0,0,20,Matrix,(-6.58, 94.05, 135.30),Team 1,0,0
[00:05:18] 318.03,0,0
[00:05:18] 318.05,Matrix,Tracer,1646.98,0,0,600,1,3,3,1,0,0,0,3,1,1,0,55,Pixels,(-6.86, 96.91, 135.03),Team 2,0,0
[00:05:18] 318.26,Pixels,Baptiste,0,0,0,587,2,0,0,0,0,0,0,0,0,0,0,20,Matrix,(-6.58, 94.05, 135.30),Team 1,0,0
[00:05:19] 319.04,0,0
[00:05:19] 319.05,Matrix,Tracer,1646.98,0,0,600,1,3,3,1,0,0,0,3,1,1,0,55,Pixels,(-6.86, 96.79, 135.03),Team 2,0,0
[00:05:19] 319.26,Pixels,Baptiste,0,0,0,587,2,0,0,0,0,0,0,0,0,0,0,21,Matrix,(-6.58, 94.05, 135.30),Team 1,0,0
[00:05:20] 320.05,0,0
[00:05:20] 320.06,Matrix,Tracer,1646.98,0,0,600,1,3,3,1,0,0,0,3,1,1,0,56,Pixels,(-6.86, 96.04, 135.03),Team 2,0,0
[00:05:20] 320.27,Pixels,Baptiste,0,0,0,587,2,0,0,0,0,0,0,0,0,0,0,21,Matrix,(-6.58, 94.05, 135.30),Team 1,0,0
[00:05:21] 321.05,0,0
[00:05:21] 321.07,Matrix,Tracer,1646.98,0,0,600,1,3,3,1,0,0,0,3,1,1,0,56,Pixels,(-6.86, 96.04, 135.03),Team 2,0,0
[00:05:21] 321.28,Pixels,Baptiste,0,0,0,587,2,0,0,0,0,0,0,0,0,0,0,21,Matrix,(-6.58, 94.05, 135.30),Team 1,0,0
[00:05:22] 322.06,0,0
[00:05:22] 322.08,Matrix,Tracer,1646.98,0,0,600,1,3,3,1,0,0,0,3,1,1,0,56,Pixels,(-6.86, 96.04, 135.03),Team 2,0,0
[00:05:22] 322.29,Pixels,Baptiste,0,0,0,587,2,0,0,0,0,0,0,0,0,0,0,21,Matrix,(-6.58, 94.05, 135.30),Team 1,0,0
[00:05:23] 323.07,0,0
[00:05:23] 323.09,Matrix,Tracer,1646.98,0,0,600,1,3,3,1,0,0,0,3,1,1,0,57,Pixels,(-6.86, 96.45, 135.03),Team 2,0,0
[00:05:23] 323.30,Pixels,Baptiste,0,0,0,587,2,0,0,0,0,0,0,0,0,0,0,22,Matrix,(-6.58, 94.05, 135.30),Team 1,0,0
[00:05:24] 324.08,0,0
[00:05:24] 324.10,Matrix,Tracer,1646.98,0,0,600,1,3,3,1,0,0,0,3,1,1,0,57,Pixels,(-6.86, 97.00, 135.03),Team 2,0,0
[00:05:24] 324.30,Pixels,Baptiste,0,0,0,587,2,0,0,0,0,0,0,0,0,0,0,22,Matrix,(-6.58, 94.05, 135.30),Team 1,0,0
[00:05:25] 325.09,0,0
[00:05:25] 325.10,Matrix,Tracer,1646.98,0,0,600,1,3,3,1,0,0,0,3,1,1,0,58,Pixels,(-6.86, 96.04, 135.03),Team 2,0,0
[00:05:25] 325.31,Pixels,Baptiste,0,0,0,587,2,0,0,0,0,0,0,0,0,0,0,22,Matrix,(-6.58, 94.05, 135.30),Team 1,0,0
[00:05:26] 326.10,0,0
[00:05:26] 326.11,Matrix,Tracer,1646.98,0,0,600,1,3,3,1,0,0,0,3,1,1,0,58,Pixels,(-6.86, 97.01, 135.03),Team 2,0,0
[00:05:26] 326.32,Pixels,Baptiste,0,0,0,587,2,0,0,0,0,0,0,0,0,0,0,22,Matrix,(-6.58, 94.05, 135.30),Team 1,0,0
[00:05:27] 327.10,0,0
[00:05:27] 327.12,Matrix,Tracer,1646.98,0,0,600,1,3,3,1,0,0,0,3,1,1,0,58,Pixels,(-6.86, 96.04, 135.03),Team 2,0,0
[00:05:27] 327.33,Pixels,Baptiste,0,0,0,587,2,0,0,0,0,0,0,0,0,0,0,22,Matrix,(-6.58, 94.05, 135.30),Team 1,0,0
[00:05:28] 328.11,0,0
[00:05:28] 328.13,Matrix,Tracer,1646.98,0,0,600,1,3,3,1,0,0,0,3,1,1,0,59,Pixels,(-6.86, 96.04, 135.03),Team 2,0,0
[00:05:28] 328.33,Pixels,Baptiste,0,0,0,587,2,0,0,0,0,0,0,0,0,0,0,23,Matrix,(-6.58, 94.05, 135.30),Team 1,0,0
[00:05:29] 329.12,0,0
[00:05:29] 329.14,Matrix,Tracer,1646.98,0,0,600,1,3,3,1,0,0,0,3,1,1,0,59,Pixels,(-6.86, 96.04, 135.03),Team 2,0,0
[00:05:29] 329.34,Pixels,Baptiste,0,0,0,587,2,0,0,0,0,0,0,0,0,0,0,23,Matrix,(-6.58, 94.05, 135.30),Team 1,0,0
[00:05:30] 330.13,0,0
[00:05:30] 330.14,Matrix,Tracer,1646.98,0,0,600,1,3,3,1,0,0,0,3,1,1,0,60,Pixels,(-6.86, 96.96, 135.03),Team 2,0,0
[00:05:30] 330.35,Pixels,Baptiste,0,0,0,587,2,0,0,0,0,0,0,0,0,0,0,23,Matrix,(-6.58, 94.05, 135.30),Team 1,0,0
[00:05:31] 331.14,0,0
[00:05:31] 331.15,Matrix,Tracer,1646.98,0,0,600,1,3,3,1,0,0,0,3,1,1,0,60,Pixels,(-6.86, 96.04, 135.03),Team 2,0,0
[00:05:31] 331.36,Pixels,Baptiste,0,0,0,587,2,0,0,0,0,0,0,0,0,0,0,23,Matrix,(-6.58, 94.05, 135.30),Team 1,0,0
[00:05:32] 332.14,0,0
[00:05:32] 332.16,Matrix,Tracer,1646.98,0,0,600,1,3,3,1,0,0,0,3,1,1,0,60,Pixels,(-6.86, 96.04, 135.03),Team 2,0,0
[00:05:32] 332.37,Pixels,Baptiste,0,0,0,587,2,0,0,0,0,0,0,0,0,0,0,24,Matrix,(-6.58, 94.05, 135.30),Team 1,0,0
[00:05:33] 333.15,0,0
[00:05:33] 333.17,Matrix,Tracer,1646.98,0,0,600,1,3,3,1,0,0,0,3,1,1,0,61,Pixels,(-6.86, 96.04, 135.03),Team 2,0,0
[00:05:33] 333.38,Pixels,Baptiste,0,0,0,587,2,0,0,0,0,0,0,0,0,0,0,24,Matrix,(-6.58, 94.05, 135.30),Team 1,0,0
[00:05:34] 334.16,0,0
[00:05:34] 334.17,Matrix,Tracer,1646.98,0,0,600,1,3,3,1,0,0,0,3,1,1,0,61,Pixels,(-6.86, 96.04, 135.03),Team 2,0,0
[00:05:34] 334.38,Pixels,Baptiste,0,0,0,587,2,0,0,0,0,0,0,0,0,0,0,24,Matrix,(-6.58, 94.05, 135.30),Team 1,0,0
[00:05:35] 335.17,0,0
[00:05:35] 335.18,Matrix,Tracer,1646.98,0,0,600,1,3,3,1,0,0,0,3,1,1,0,62,Pixels,(-6.86, 96.04, 135.03),Team 2,0,0
[00:05:35] 335.39,Pixels,Baptiste,0,0,0,587,2,0,0,0,0,0,0,0,0,0,0,24,Matrix,(-6.58, 94.05, 135.30),Team 1,0,0
[00:05:36] 336.17,0,0
[00:05:36] 336.19,Matrix,Tracer,1646.98,0,0,600,1,3,3,1,0,0,0,3,1,1,0,62,Pixels,(-6.86, 96.04, 135.03),Team 2,0,0
[00:05:36] 336.40,Pixels,Baptiste,0,0,0,587,2,0,0,0,0,0,0,0,0,0,0,25,Matrix,(-6.58, 94.05, 135.30),Team 1,0,0
[00:05:37] 337.18,0,0
[00:05:37] 337.20,Matrix,Tracer,1646.98,0,0,600,1,3,3,1,0,0,0,3,1,1,0,62,Pixels,(-6.86, 96.04, 135.03),Team 2,0,0
[00:05:37] 337.41,Pixels,Baptiste,0,0,0,587,2,0,0,0,0,0,0,0,0,0,0,25,Matrix,(-6.58, 94.05, 135.30),Team 1,0,0
[00:05:38] 338.19,0,0
[00:05:38] 338.21,Matrix,Tracer,1646.98,0,0,600,1,3,3,1,0,0,0,3,1,1,0,63,Pixels,(-6.86, 96.30, 135.03),Team 2,0,0
[00:05:38] 338.42,Pixels,Baptiste,0,0,0,587,2,0,0,0,0,0,0,0,0,0,0,25,Matrix,(-6.58, 94.05, 135.30),Team 1,0,0
[00:05:39] 339.20,0,0
[00:05:39] 339.21,Matrix,Tracer,1646.98,0,0,600,1,3,3,1,0,0,0,3,1,1,0,63,Pixels,(-6.86, 96.91, 135.03),Team 2,0,0
[00:05:39] 339.42,Pixels,Baptiste,0,0,0,587,2,0,0,0,0,0,0,0,0,0,0,25,Matrix,(-6.58, 94.05, 135.30),Team 1,0,0
[00:05:40] 340.21,0,0
[00:05:40] 340.22,Matrix,Tracer,1646.98,0,0,600,1,3,3,1,0,0,0,3,1,1,0,64,Pixels,(-6.86, 96.83, 135.03),Team 2,0,0
[00:05:40] 340.43,Pixels,Baptiste,0,0,0,587,2,0,0,0,0,0,0,0,0,0,0,25,Matrix,(-6.58, 94.05, 135.30),Team 1,0,0
[00:05:41] 341.21,0,0
[00:05:41] 341.23,Matrix,Tracer,1646.98,0,0,600,1,3,3,1,0,0,0,3,1,1,0,64,Pixels,(-6.86, 96.04, 135.03),Team 2,0,0
[00:05:41] 341.44,Pixels,Baptiste,0,0,0,587,2,0,0,0,0,0,0,0,0,0,0,26,Matrix,(-6.58, 94.05, 135.30),Team 1,0,0
[00:05:42] 342.22,0,0
[00:05:42] 342.24,Matrix,Tracer,1646.98,0,0,600,1,3,3,1,0,0,0,3,1,1,0,64,Pixels,(-6.86, 97.00, 135.03),Team 2,0,0
[00:05:42] 342.45,Pixels,Baptiste,0,0,0,587,2,0,0,0,0,0,0,0,0,0,0,26,Matrix,(-6.58, 94.05, 135.30),Team 1,0,0
[00:05:43] 343.23,0,0
[00:05:43] 343.25,Matrix,Tracer,1646.98,0,0,600,1,3,3,1,0,0,0,3,1,1,0,65,Pixels,(-6.86, 96.69, 135.03),Team 2,0,0
[00:05:43] 343.45,Pixels,Baptiste,0,0,0,587,2,0,0,0,0,0,0,0,0,0,0,26,Matrix,(-6.58, 94.05, 135.30),Team 1,0,0
[00:05:44] 344.24,0,0
[00:05:44] 344.26,Matrix,Tracer,1646.98,0,0,600,1,3,3,1,0,0,0,3,1,1,0,65,Pixels,(-6.86, 96.04, 135.03),Team 2,0,0
[00:05:44] 344.46,Pixels,Baptiste,0,0,0,587,2,0,0,0,0,0,0,0,0,0,0,26,Matrix,(-6.58, 94.05, 135.30),Team 1,0,0
[00:05:45] 345.25,0,0
[00:05:45] 345.26,Matrix,Tracer,1646.98,0,0,600,1,3,3,1,0,0,0,3,1,1,0,66,Pixels,(-6.86, 96.94, 135.03),Team 2,0,0
[00:05:45] 345.47,Pixels,Baptiste,0,0,0,587,2,0,0,0,0,0,0,0,0,0,0,27,Matrix,(-6.58, 94.05, 135.30),Team 1,0,0
[00:05:46] 346.26,0,0
[00:05:46] 346.27,Matrix,Tracer,1646.98,0,0,600,1,3,3,1,0,0,0,3,1,1,0,66,Pixels,(-6.86, 96.96, 135.03),Team 2,0,0
[00:05:46] 346.48,Pixels,Baptiste,0,0,0,587,2,0,0,0,0,0,0,0,0,0,0,27,Matrix,(-6.58, 94.05, 135.30),Team 1,0,0
[00:05:47] 347.26,0,0
[00:05:47] 347.28,Matrix,Tracer,1646.98,0,0,600,1,3,3,1,0,0,0,3,1,1,0,67,Pixels,(-6.86, 96.04, 135.03),Team 2,0,0
[00:05:47] 347.49,Pixels,Baptiste,0,0,0,587,2,0,0,0,0,0,0,0,0,0,0,27,Matrix,(-6.58, 94.05, 135.30),Team 1,0,0
[00:05:48] 348.27,0,0
[00:05:48] 348.29,Matrix,Tracer,1646.98,0,0,600,1,3,3,1,0,0,0,3,1,1,0,67,Pixels,(-6.86, 96.04, 135.03),Team 2,0,0
[00:05:48] 348.49,Pixels,Baptiste,0,0,0,587,2,0,0,0,0,0,0,0,0,0,0,27,Matrix,(-6.58, 94.05, 135.30),Team 1,0,0
[00:05:49] 349.28,0,0
[00:05:49] 349.30,Matrix,Tracer,1646.98,0,0,600,1,3,3,1,0,0,0,3,1,1,0,68,Pixels,(-6.86, 96.75, 135.03),Team 2,0,0
[00:05:49] 349.50,Pixels,Baptiste,0,0,0,587,2,0,0,0,0,0,0,0,0,0,0,27,Matrix,(-6.58, 94.05, 135.30),Team 1,0,0
[00:05:50] 350.29,0,0
[00:05:50] 350.30,Matrix,Tracer,1646.98,0,0,600,1,3,3,1,0,0,0,3,1,1,0,68,Pixels,(-6.86, 96.91, 135.03),Team 2,0,0
[00:05:50] 350.51,Pixels,Baptiste,0,0,0,587,2,0,0,0,0,0,0,0,0,0,0,28,Matrix,(-6.49, 94.05, 135.61),Team 1,0,0
[00:05:51] 351.30,0,0
[00:05:51] 351.31,Matrix,Tracer,1646.98,0,0,600,1,3,3,1,0,0,0,3,1,1,0,68,Pixels,(-6.86, 95.34, 135.03),Team 2,0,0
[00:05:51] 351.52,Pixels,Baptiste,0,0,0,587,2,0,0,0,0,0,0,0,0,0,0,28,Matrix,(-6.55, 94.05, 135.34),Team 1,0,0
[00:05:52] 352.30,0,0
[00:05:52] 352.32,Matrix,Tracer,1646.98,0,0,600,1,3,3,1,0,0,0,3,1,1,0,69,Pixels,(-6.86, 95.50, 135.03),Team 2,0,0
[00:05:52] 352.53,Pixels,Baptiste,0,0,0,587,2,0,0,0,0,0,0,0,0,0,0,28,Matrix,(-6.55, 94.05, 135.34),Team 1,0,0
[00:05:53] 353.31,0,0
[00:05:53] 353.33,Matrix,Tracer,1646.98,0,0,600,1,3,3,1,0,0,0,3,1,1,0,69,Pixels,(-6.86, 96.73, 135.03),Team 2,0,0
[00:05:53] 353.54,Pixels,Baptiste,0,0,0,587,2,0,0,0,0,0,0,0,0,0,0,28,Matrix,(-4.01, 95.08, 137.96),Team 1,0,0
[00:05:54] 354.32,0,0
[00:05:54] 354.33,Matrix,Tracer,1646.98,0,0,600,1,3,3,1,0,0,0,3,1,1,0,70,Pixels,(-6.86, 94.05, 135.03),Team 2,0,0
[00:05:54] 354.54,Pixels,Baptiste,0,0,0,587,2,0,0,0,0,0,0,0,0,0,0,29,Matrix,(-5.58, 94.15, 136.04),Team 1,0,0
[00:05:55] 355.33,0,0
[00:05:55] 355.34,Matrix,Tracer,1646.98,0,0,600,1,3,3,1,0,0,0,3,1,1,0,70,Pixels,(-6.86, 96.00, 135.03),Team 2,0,0
[00:05:55] 355.55,Pixels,Baptiste,0,0,0,587,2,0,0,0,0,0,0,0,0,0,0,29,Matrix,(-6.67, 94.05, 135.31),Team 1,0,0
[00:05:56] 356.33,0,0
[00:05:56] 356.35,Matrix,Tracer,1646.98,0,0,600,1,3,3,1,0,0,0,3,1,1,0,70,Pixels,(-6.86, 96.44, 135.03),Team 2,0,0
[00:05:56] 356.56,Pixels,Baptiste,0,0,0,587,2,0,0,0,0,0,0,0,0,0,0,29,Matrix,(-6.51, 94.05, 135.56),Team 1,0,0
[00:05:57] 357.34,0,0
[00:05:57] 357.36,Matrix,Tracer,1646.98,0,0,600,1,3,3,1,0,0,0,3,1,1,0,71,Pixels,(-6.86, 95.34, 135.03),Team 2,0,0
[00:05:57] 357.57,Pixels,Baptiste,0,0,0,587,2,0,0,0,0,0,0,0,0,0,0,29,Matrix,(-6.53, 94.21, 135.48),Team 1,0,0
[00:05:58] 358.35,0,0
[00:05:58] 358.37,Matrix,Tracer,1646.98,0,0,600,1,3,3,1,0,0,0,3,1,1,0,71,Pixels,(-6.86, 94.05, 135.03),Team 2,0,0
[00:05:58] 358.58,Pixels,Baptiste,0,0,0,587,2,0,0,0,0,0,0,0,0,0,0,29,Matrix,(-5.97, 94.15, 136.03),Team 1,0,0
[00:05:59] 359.36,0,0
[00:05:59] 359.38,Matrix,Tracer,1646.98,0,0,600,1,3,3,1,0,0,0,3,1,1,0,71,Pixels,(-6.86, 94.23, 135.03),Team 2,0,0
[00:05:59] 359.58,Pixels,Baptiste,0,0,0,587,2,0,0,0,0,0,0,0,0,0,0,30,Matrix,(-5.03, 94.15, 137.30),Team 1,0,0
[00:06:00] 360.37,0,0
[00:06:00] 360.38,Matrix,Tracer,1646.98,0,0,600,1,3,3,1,0,0,0,3,1,1,0,72,Pixels,(-5.69, 95.03, 136.55),Team 2,0,0
[00:06:00] 360.59,Pixels,Baptiste,0,0,0,587,2,0,0,0,0,0,0,0,0,0,0,30,Matrix,(-5.03, 94.15, 137.31),Team 1,0,0
[00:06:01] 361.38,0,0
[00:06:01] 361.39,Matrix,Tracer,1646.98,0,0,600,1,3,3,1,0,0,0,3,1,1,0,72,Pixels,(-5.93, 94.95, 136.68),Team 2,0,0
[00:06:01] 361.60,Pixels,Baptiste,0,0,0,587,2,0,0,0,0,0,0,0,0,0,0,30,Matrix,(-5.03, 94.15, 137.31),Team 1,0,0
[00:06:02] 362.38,0,0
[00:06:02] 362.40,Matrix,Tracer,1646.98,0,0,600,1,3,3,1,0,0,0,3,1,1,0,73,Pixels,(-5.81, 95.07, 136.53),Team 2,0,0
[00:06:02] 362.61,Pixels,Baptiste,0,0,0,587,2,0,0,0,0,0,0,0,0,0,0,30,Matrix,(-5.03, 94.15, 137.31),Team 1,0,0
[00:06:03] 363.39,0,0
[00:06:03] 363.41,Matrix,Tracer,1646.98,0,0,600,1,3,3,1,0,0,0,3,1,1,0,73,Pixels,(-6.10, 95.13, 137.09),Team 2,0,0
[00:06:03] 363.61,Pixels,Baptiste,0,0,0,587,2,0,0,0,0,0,0,0,0,0,0,30,Matrix,(-4.70, 94.15, 137.75),Team 1,0,0
[00:06:04] 364.40,0,0
[00:06:04] 364.42,Matrix,Tracer,1646.98,0,0,600,1,3,3,1,0,0,0,3,1,1,0,73,Pixels,(-5.24, 95.88, 137.39),Team 2,0,0
[00:06:04] 364.62,Pixels,Baptiste,0,0,0,587,2,0,0,0,0,0,0,0,0,0,0,31,Matrix,(-4.70, 94.15, 137.75),Team 1,0,0
[00:06:05] 365.41,0,0
[00:06:05] 365.42,Matrix,Tracer,1646.98,0,0,600,1,3,3,1,0,0,0,3,1,1,0,74,Pixels,(-5.24, 95.98, 137.39),Team 2,0,0
[00:06:05] 365.63,Pixels,Baptiste,0,0,0,587,2,0,0,0,0,0,0,0,0,0,0,31,Matrix,(-4.70, 94.15, 137.75),Team 1,0,0
[00:06:06] 366.42,0,0
[00:06:06] 366.43,Matrix,Tracer,1646.98,0,0,600,1,3,3,1,0,0,0,3,1,1,0,74,Pixels,(-4.63, 94.05, 137.72),Team 2,0,0
[00:06:06] 366.64,Pixels,Baptiste,0,0,0,587,2,0,0,0,0,0,0,0,0,0,0,31,Matrix,(-1.04, 94.00, 140.34),Team 1,0,0
[00:06:07] 367.20,Pixels,Death
[00:06:07] 367.20,Matrix,FinalBlow
[00:06:07] 367.42,0,0
[00:06:07] 367.44,Matrix,Tracer,1654.98,0,0,600,1,4,4,1,0,0,0,4,1,1,0,75,Pixels,(-6.94, 94.05, 134.27),Team 2,0,0
[00:06:07] 367.65,Pixels,Baptiste,0,0,0,595,3,0,0,0,0,0,0,0,0,0,0,31,Matrix,(-2.77, 94.15, 138.65),Team 1,0,0
[00:06:08] 368.43,0,0
[00:06:08] 368.45,Matrix,Tracer,1654.98,0,0,600,1,4,4,1,0,0,0,4,1,1,0,76,Pixels,(4.42, 94.50, 130.97),Team 2,0,0
[00:06:08] 368.65,Pixels,Baptiste,0,0,0,595,3,0,0,0,0,0,0,0,0,0,0,32,Matrix,(-2.77, 94.15, 138.65),Team 1,0,0
[00:06:09] 369.44,0,0
[00:06:09] 369.45,Matrix,Tracer,1654.98,0,0,600,1,4,4,1,0,0,0,4,1,1,0,76,Pixels,(15.48, 96.04, 123.50),Team 2,0,0
[00:06:09] 369.66,Pixels,Baptiste,0,0,0,595,3,0,0,0,0,0,0,0,0,0,0,32,Matrix,(-2.77, 94.15, 138.65),Team 1,0,0
[00:06:10] 370.45,0,0
[00:06:10] 370.46,Matrix,Tracer,1654.98,0,0,600,1,4,4,1,0,0,0,4,1,1,0,76,Pixels,(20.47, 96.32, 132.43),Team 2,0,0
[00:06:10] 370.67,Pixels,Baptiste,0,0,0,595,3,0,0,0,0,0,0,0,0,0,0,32,Matrix,(-2.77, 94.15, 138.65),Team 1,0,0
[00:06:11] 371.45,0,0
[00:06:11] 371.47,Matrix,Tracer,1654.98,0,0,600,1,4,4,1,0,0,0,4,1,1,0,77,Pixels,(20.67, 96.00, 132.91),Team 2,0,0
[00:06:11] 371.68,Pixels,Baptiste,0,0,0,595,3,0,0,0,0,0,0,0,0,0,0,32,Matrix,(-2.77, 94.15, 138.65),Team 1,0,0
[00:06:12] 372.46,0,0
[00:06:12] 372.48,Matrix,Tracer,1654.98,0,0,600,1,4,4,1,0,0,0,4,1,1,0,77,Pixels,(20.67, 96.00, 132.91),Team 2,0,0
